0.000000 20.703125 16.796875 37.580496 6.958609 3.086869 2.798392 6.749760 8.017523 3.030524 1.219800
0.000000 26.953125 26.171875 249.820296 7.810537 9.436859 4.571863 3.014226 5.166745 4.028669 2.030516
0.000000 28.906250 30.078125 130.927656 4.819594 6.996561 2.232147 1.740642 2.483604 1.600245 1.371838
0.000000 33.984375 37.890625 135.609647 3.157649 5.401438 4.791887 2.851011 2.594665 2.543908 1.897570
0.000000 29.296875 39.062500 119.845383 7.403316 5.850568 1.183478 2.560671 2.659392 0.951346 0.870554
0.000000 27.343750 37.500000 37.343008 9.993790 0.791159 4.790258 1.291279 2.638903 2.500601 1.197681
10.156250 27.343750 37.500000 153.961824 49.664173 40.899729 47.218055 17.538900 24.262583 17.615035 2.320623
0.000000 31.250000 35.156250 657.529570 3.016088 4.624948 2.255896 3.059395 4.678499 1.937384 1.827255
0.000000 31.640625 25.000000 1.495704 8.043135 1.129461 1.203967 2.740650 2.247049 1.404667 0.990462
0.000000 30.078125 30.078125 1.682201 3.479654 12.287637 6.089453 1.888955 2.030283 3.178837 2.594199
0.000000 30.468750 30.468750 3.173947 3.906898 3.927154 0.400469 2.080807 1.683598 2.712244 2.089888
0.000000 28.906250 30.078125 11.497876 1.756009 4.376518 0.359025 1.706649 1.779525 1.952285 3.455905
0.000000 25.781250 30.468750 116.332667 26.355963 4.084781 4.211441 6.729504 3.365800 3.183726 1.253793
0.000000 23.828125 23.828125 35.677338 19.994797 9.224750 3.503403 1.572538 1.988374 2.304092 1.267064
0.000000 22.265625 26.953125 26.133377 7.011462 6.212853 6.844755 1.915265 3.077090 2.283137 1.750886
0.000000 18.750000 26.953125 20.216452 36.472688 37.330668 7.420080 3.555557 7.406343 7.547438 1.378357
0.000000 16.796875 26.171875 177.341513 161.188422 31.700358 7.241266 21.184096 11.698343 17.573358 8.396339
0.000000 21.875000 27.343750 4.168367 4.633563 5.143462 0.945991 1.879409 2.429821 2.933899 1.569977
0.000000 25.781250 23.437500 1.962064 1.476146 0.614906 1.901062 2.329471 2.108514 1.229579 2.109213
0.000000 25.781250 22.265625 2.502929 6.001676 6.428687 2.135057 2.009328 1.548091 1.655892 1.619803
0.000000 26.171875 32.421875 7.420313 5.904119 7.576775 6.582588 1.020730 1.389068 0.968343 0.651693
0.000000 29.296875 31.640625 2.238434 2.357876 2.872199 1.164852 2.332265 2.764398 1.120847 1.355540
0.000000 23.828125 37.500000 4.671048 1.870794 6.891787 3.215391 3.000489 1.508510 1.619803 1.560198
0.000000 28.906250 33.984375 11.852011 10.376563 3.595836 3.068708 2.297806 6.261747 0.635395 2.648449
0.000000 31.250000 30.468750 6.431714 2.905261 3.539026 0.943895 1.578592 0.980217 1.239590 2.419110
0.000000 25.781250 31.250000 12.074364 8.363044 8.710194 0.478467 4.085712 1.783017 1.952751 2.531335
0.000000 27.343750 26.953125 2.928544 4.975125 4.237983 1.823297 2.003508 2.033310 1.812354 1.987442
0.000000 27.343750 31.640625 2.882443 0.725035 3.066147 0.727829 1.551351 1.840992 1.160894 0.406755
0.000000 30.468750 27.343750 4.995149 4.567904 2.138084 0.995118 0.999309 2.144137 2.080807 0.613276
0.000000 34.375000 29.296875 5.756272 1.759967 1.361128 2.112938 1.275213 1.576962 1.328532 1.676613
0.000000 33.984375 29.296875 7.336959 5.246373 4.425645 2.010260 1.755310 1.823530 2.979534 2.412125
0.000000 33.984375 30.078125 2.047978 2.501998 3.729714 3.501773 0.485452 3.704336 1.370441 1.223525
0.000000 31.640625 27.343750 10.195421 5.180016 0.781147 2.040761 2.292218 1.250533 1.220265 0.736443
0.000000 29.296875 25.000000 1.957873 3.810041 2.107816 2.037501 2.821209 1.465203 1.328066 1.441455
0.000000 28.906250 23.828125 47.277194 7.695518 4.345551 1.419103 1.164386 1.805602 1.406064 0.938307
0.000000 25.781250 24.609375 21.772226 4.691770 6.240793 6.905291 2.818182 3.252644 1.629815 1.542736
0.000000 25.000000 26.953125 11.574011 12.141420 3.672205 4.929956 2.309913 2.340181 1.995126 1.269393
0.000000 23.828125 26.953125 3.751135 6.961636 2.933666 2.132496 1.269160 1.454726 0.830041 1.291046
0.000000 24.609375 30.468750 2.390705 4.697125 7.755589 1.362991 1.075678 2.310611 2.356013 0.917586
0.000000 20.703125 32.812500 3.837515 5.405163 9.844778 5.478505 1.410721 1.210021 0.809086 1.192559
0.000000 19.531250 35.156250 2.919696 3.507826 2.448447 3.526220 2.503628 0.711298 0.636792 0.777422
0.000000 22.265625 36.328125 8.234056 3.685476 3.204681 1.591630 1.396751 2.390239 0.953674 1.041451
0.000000 17.187500 34.375000 15.014550 37.865713 31.378819 1.352513 2.080807 3.087567 4.388159 1.081498
0.000000 21.875000 30.078125 13.167737 4.338799 2.904097 3.745547 2.334127 2.388144 1.405831 1.801644
0.000000 23.437500 24.609375 0.582077 6.983988 1.984183 1.070788 2.032612 1.015374 1.197681 0.591855
0.000000 23.437500 26.171875 6.748596 1.962297 2.001878 2.349494 0.802800 2.013287 1.268229 0.838190
0.000000 26.953125 21.093750 115.205301 13.113720 1.169275 3.025169 1.640525 2.134824 2.218643 0.638887
0.000000 25.000000 18.359375 8.290401 13.601966 5.450100 1.453329 1.103617 2.807938 1.683366 0.462867
0.000000 27.343750 18.750000 11.149095 4.928093 1.064269 1.944369 1.869397 1.823762 1.197448 1.622131
0.000000 23.437500 16.796875 25.700079 9.733951 3.846595 4.996546 2.617016 1.614681 1.308974 1.484994
0.000000 27.343750 19.921875 4.538801 2.653105 1.372769 1.439592 1.046807 1.931796 1.695473 0.982778
0.000000 30.468750 23.437500 1.268229 2.445653 3.095716 3.251014 3.907597 2.586748 2.093147 0.970438
0.000000 30.078125 19.921875 11.547236 4.603993 0.926433 0.293134 1.188135 1.078006 0.716886 1.592329
0.000000 36.718750 16.015625 3.376743 3.282214 1.672655 0.563450 1.943437 3.275694 0.827713 1.060776
0.000000 35.546875 15.625000 1.466367 5.341135 2.590707 1.427485 2.347631 2.550427 1.597451 2.260087
0.000000 32.421875 11.718750 7.388880 7.293653 3.419816 0.806060 2.152519 1.424458 2.528541 1.415610
0.000000 30.078125 19.921875 2.756948 3.715977 5.201437 1.030043 2.076384 1.057284 3.965572 1.406064
0.000000 27.343750 19.921875 2.634712 5.083624 0.497326 1.557637 0.421423 1.975801 0.881264 2.944609
0.000000 26.953125 21.093750 4.161149 5.495735 2.931105 4.331116 5.465699 3.011199 2.637040 1.118518
0.000000 23.828125 26.171875 26.396941 1.713401 2.310611 0.894768 0.726199 0.237487 0.576489 0.234460
0.000000 23.828125 21.093750 13.687415 16.204314 1.834473 4.220055 1.000939 2.105720 4.366739 3.019115
0.000000 25.000000 23.437500 1.524808 2.527377 0.891043 1.736684 1.985114 2.299435 1.215376 1.478707
0.000000 20.703125 21.875000 25.446294 14.493708 7.656869 0.619097 2.654968 1.481734 1.331326 3.639376
0.000000 23.437500 14.453125 25.834190 22.802036 3.824709 2.044952 1.944602 2.699438 2.066139 2.605841
0.000000 23.828125 18.359375 1.289649 4.041707 1.504086 2.802117 1.230976 1.181848 1.859153 0.721775
0.000000 22.265625 21.093750 3.825640 2.596993 2.992107 1.581619 1.542503 2.210028 1.397450 1.708278
0.000000 22.265625 13.281250 47.353096 26.064692 1.520151 0.973931 3.333902 1.782319 2.924120 2.023997
0.000000 22.265625 13.671875 21.306099 5.216571 0.319444 1.362292 0.821659 0.762986 0.356697 0.490109
0.000000 25.000000 10.156250 6.613089 8.009607 3.709225 0.935746 1.694076 3.178138 2.548331 1.616310
0.000000 29.296875 5.078125 1.481734 2.137385 0.261469 1.382781 0.910135 4.006550 0.755070 2.529705
0.000000 32.812500 10.156250 8.930685 8.300412 2.308283 0.810251 4.040543 1.945300 1.442851 2.361834
0.000000 34.375000 8.984375 2.136454 7.289229 1.539709 1.111068 3.718771 1.764158 2.131565 0.756001
0.000000 30.468750 10.546875 14.701625 15.628291 9.547686 0.293599 1.183013 2.274755 1.453795 1.113862
0.000000 23.828125 14.453125 9.943033 2.924586 3.351131 0.673812 4.834728 1.378590 2.065208 0.514556
0.000000 26.953125 18.359375 8.109026 1.175795 1.880107 0.562519 2.481276 1.558568 0.893837 0.885921
0.000000 26.171875 23.828125 351.276947 5.440554 7.388182 2.926914 4.718313 2.844725 2.048677 2.437271
0.000000 31.250000 24.609375 68.158377 4.617730 6.122515 0.637257 4.369998 3.110152 2.036104 1.905719
0.000000 27.343750 21.875000 15.651342 28.031180 6.318325 3.261724 3.816327 2.688263 3.777444 1.742505
0.000000 21.093750 19.921875 14.000572 12.243865 2.682209 2.600485 3.031688 1.243316 2.723653 1.466600
0.000000 18.750000 16.015625 14.340505 10.663876 3.240071 1.627719 2.363464 1.426786 2.864050 1.741573
0.000000 18.359375 15.625000 2.910383 4.666159 3.599329 0.772998 0.972301 2.055662 1.637032 1.457985
0.000000 16.015625 11.718750 83.079096 22.829045 0.419095 2.989778 2.483837 1.230976 2.006767 0.623055
0.000000 18.359375 9.375000 81.760343 14.965888 2.751360 1.150416 4.225411 1.869630 1.620967 1.265202
0.000000 21.093750 10.156250 7.645460 5.580718 1.576962 1.488021 0.702916 1.992565 0.900123 0.437023
0.000000 16.015625 1.562500 34.449156 38.680853 1.743436 1.928303 4.266622 1.814449 2.001412 0.909436
0.000000 19.531250 0.390625 11.082506 21.070242 0.716187 1.821434 2.658460 3.105961 1.459615 1.368579
0.000000 21.093750 3.125000 6.396789 4.411675 1.595123 0.562053 0.834465 1.284294 1.588138 0.651460
0.000000 23.437500 1.171875 7.142313 2.695480 0.541564 0.843778 1.260545 1.565786 2.410030 0.483822
0.000000 32.812500 5.468750 3.913883 1.467997 0.488246 0.749715 2.255663 1.788139 1.531327 0.926666
0.000000 33.984375 9.375000 0.670552 8.445466 2.140878 0.413042 1.851702 1.895940 0.617933 1.878943
0.000000 35.156250 13.671875 2.882443 3.437977 3.325986 3.666617 3.059395 2.846587 1.030741 0.930857
0.000000 33.984375 17.187500 0.543194 3.253575 2.756249 2.179528 2.902001 1.958571 1.620268 1.034001
0.000000 31.250000 16.015625 0.894070 4.282221 0.680564 0.545289 0.637257 1.790468 1.251698 1.093373
0.000000 33.984375 18.359375 5.493406 3.611902 0.439351 2.224231 2.307817 2.605375 2.631452 1.806999
0.000000 31.640625 17.187500 4.598405 4.810281 4.008412 0.842148 1.151813 1.511071 1.590233 0.757165
0.000000 34.375000 16.796875 2.732733 3.196532 3.950205 0.554137 0.910833 4.119240 1.258217 1.248438
0.000000 29.296875 18.750000 6.091082 9.637326 1.309440 1.650304 0.906410 1.033768 1.458917 1.919456
0.000000 30.468750 19.921875 2.123648 1.735054 0.638189 1.490116 1.286156 2.208864 0.923406 1.445180
0.000000 32.812500 16.015625 3.886875 4.861504 1.413515 1.019798 0.963453 2.403511 1.503853 0.666128
0.000000 31.640625 13.281250 3.882451 2.786750 0.600470 1.022359 2.107117 1.503853 2.481276 1.813518
0.000000 31.250000 13.671875 15.896512 3.903639 0.318279 1.143897 0.327127 0.383006 0.293599 0.292901
0.000000 30.468750 13.671875 5.355338 2.551824 0.743195 1.466833 1.269160 2.018875 0.777189 0.565080
0.000000 31.640625 15.625000 3.727386 1.677545 1.383247 0.854256 0.827247 1.910608 1.307344 2.390007
0.000000 26.171875 16.796875 24.682144 22.520544 6.513903 1.378357 2.143672 2.182322 0.904547 0.976957
0.000000 29.296875 18.750000 28.560404 5.924143 3.111782 1.747161 2.774643 1.438195 0.556000 0.799773
0.000000 30.468750 17.187500 3.889203 3.915979 1.685927 1.231674 0.816304 5.188631 1.662644 1.134351
0.000000 31.640625 11.718750 1.688488 1.815846 0.279397 0.430970 0.666361 1.707114 2.615387 1.219800
0.000000 39.062500 11.718750 1.709210 3.229361 0.889413 1.893379 1.561129 3.339490 1.139473 0.399770
0.000000 39.062500 10.546875 25.003217 14.199642 4.077563 2.343906 1.586741 2.476852 1.837965 1.425855
0.000000 32.421875 13.671875 49.909111 17.758925 2.661953 10.235701 2.740184 3.888737 2.411427 1.205597
0.000000 32.421875 18.359375 11.771452 3.359746 1.590932 2.235407 2.278946 4.380476 2.068700 1.091277
0.000000 21.875000 18.750000 13.046665 20.863488 4.977919 3.241468 2.630521 1.013745 0.479398 0.979984
0.000000 21.093750 19.531250 3.037043 4.479662 3.163703 0.441913 3.439374 0.891974 1.250068 1.648441
0.000000 23.828125 13.671875 23.582252 10.956777 2.199085 0.613276 2.050307 3.276160 1.835637 0.556465
0.000000 20.703125 11.328125 14.862278 9.940239 0.322936 3.452413 1.165550 3.660331 1.516659 1.156470
0.000000 23.437500 14.453125 16.710721 16.605947 5.916692 6.448710 1.421664 2.048910 2.377667 0.410015
0.000000 25.781250 11.718750 6.663147 10.436401 3.618188 1.099426 3.798399 3.470341 2.878951 0.927597
0.000000 22.265625 18.359375 9.908341 7.589580 2.949499 2.897112 2.532266 1.085689 1.011416 0.890577
0.000000 18.359375 19.921875 18.591294 18.870225 5.805632 1.577195 1.055887 1.919223 0.838656 0.441447

