0.000000 11.718750 18.359375 62.232837 3.368827 1.521781 0.324100 0.360887 0.234228 0.088010 0.039581
0.000000 13.281250 14.843750 194.345135 133.544905 27.832342 12.169592 2.462883 15.696744 2.885936 0.908971
0.000000 23.437500 16.796875 262.864865 38.365135 1.260545 7.590512 5.216105 7.280149 1.742505 1.092674
0.000000 21.875000 4.296875 357.792247 58.487058 3.876397 8.401461 8.711824 5.192589 2.095476 2.917368
0.000000 25.781250 0.390625 199.283008 34.689438 2.258923 1.547392 4.428439 3.676163 0.964850 1.280569
0.000000 21.093750 0.390625 187.583966 54.594129 23.113331 5.685491 7.563038 3.471505 1.288485 0.417233
0.000000 21.875000 2.734375 47.882553 3.238441 0.675209 0.309665 1.311069 0.759261 0.602566 0.407454
0.000000 27.343750 8.203125 65.081986 17.448561 3.629830 5.827285 4.514819 5.081994 1.264038 2.383720
0.000000 29.296875 15.625000 29.769028 5.239621 1.615146 0.533881 0.922941 0.914326 0.698492 2.263114
0.000000 35.156250 17.187500 28.197421 10.319520 5.287817 4.996080 2.884539 2.597924 0.756700 1.961598
0.000000 37.500000 23.828125 2.452172 3.600027 2.103159 1.525739 0.732951 1.949957 0.674510 1.428183
10.156250 37.500000 23.828125 277.754152 190.233812 69.583068 38.191443 123.385107 88.793691 27.178088 15.118858
10.156250 37.500000 23.828125 192.844542 7.948140 3.671972 1.548789 17.949846 18.486753 3.560446 9.153504
0.000000 33.984375 25.781250 728.465151 46.338188 14.379388 17.424580 21.520769 7.081311 1.936452 0.976026
0.000000 35.156250 22.265625 319.799176 21.670712 6.461283 3.757421 22.783643 5.527865 2.663350 1.267996
0.000000 30.078125 11.328125 339.077786 183.532247 13.409881 4.804926 5.933223 10.087853 6.041490 4.041940
0.000000 25.000000 9.375000 244.387193 71.144663 25.508692 6.299466 3.940193 13.021287 5.073147 3.940426
0.000000 25.781250 5.078125 185.342273 18.151477 4.305970 0.828411 3.030058 2.486631 1.347391 0.647502
0.000000 24.609375 11.718750 178.284477 26.355032 7.380033 22.610882 11.279946 7.441733 4.843343 2.518762
0.000000 29.296875 11.718750 201.146584 164.128840 2.648449 7.500639 3.475230 17.965212 26.996247 6.484799
0.000000 29.296875 10.546875 61.345054 21.802261 6.494345 0.303611 4.678499 3.552064 2.999557 4.967442
0.000000 25.000000 11.718750 222.176081 134.008471 9.646639 19.746367 12.554228 7.779570 9.183539 2.485700
0.000000 23.828125 9.375000 209.354330 136.516755 38.589584 28.359937 31.139469 22.805063 15.249476 6.512506
0.000000 21.093750 15.625000 519.619323 168.861589 16.052043 15.446451 15.610596 13.645971 7.388648 5.259877
0.000000 24.609375 22.265625 14.582416 10.919524 17.124228 10.713935 9.199604 8.311821 2.600951 0.845175
0.000000 34.375000 26.953125 251.512509 21.849293 19.403175 3.130175 6.642658 14.923513 3.461260 2.242858
0.000000 30.468750 29.296875 86.123589 5.511101 2.392102 1.053093 1.089880 0.459375 0.535045 0.627944
0.000000 34.375000 27.343750 102.528371 41.459221 2.596295 4.817499 5.362788 7.013557 6.189803 1.862645
0.000000 31.250000 20.703125 171.169406 12.788456 1.071487 3.622845 4.187459 2.548797 2.307352 1.291512
0.000000 25.781250 24.609375 103.954924 9.724637 11.411961 10.047108 4.722504 4.942529 3.450084 1.906883
0.000000 26.953125 18.359375 139.823183 8.729054 0.762288 0.705943 0.607688 0.602799 0.654487 0.245171
0.000000 29.296875 23.437500 256.623607 24.164328 11.457363 5.733222 16.450183 9.092502 6.663846 3.415393
0.000000 26.171875 19.921875 100.336736 119.912671 16.588252 3.886642 28.929207 11.527212 4.496425 3.193039
0.000000 19.531250 9.375000 50.173374 14.853664 1.158565 1.350883 1.790700 0.721309 0.612345 0.390690
0.000000 22.265625 14.453125 196.337700 17.680693 3.784895 5.648239 2.780929 3.306195 1.852401 0.703381
0.000000 14.843750 8.984375 50.853938 43.598935 4.303409 1.826789 4.766043 2.735062 0.893837 0.525964
0.000000 20.703125 13.281250 438.621966 90.216519 18.647872 24.783192 17.436687 30.786730 12.043864 2.738321
0.000000 26.953125 16.796875 27.851667 31.353207 7.290626 4.097354 1.678942 5.354173 1.772540 0.310363
0.000000 31.250000 16.015625 9.407056 2.660556 0.846572 0.674743 0.905711 0.975328 0.180677 0.233296
0.000000 34.375000 22.265625 463.926001 137.805706 57.920348 24.340115 16.857870 19.631116 6.800750 2.928544
0.000000 36.328125 24.609375 184.336910 10.754680 4.989794 2.942514 2.044253 6.946968 2.792105 0.948552
0.000000 39.062500 28.906250 26.173191 5.790265 3.470806 2.966030 3.099674 2.412358 1.131091 0.377186
0.000000 30.078125 32.421875 38.628699 9.945361 2.171611 7.499941 1.543202 0.952976 0.959262 0.355067
0.000000 32.812500 37.890625 13.882760 2.197688 8.205650 3.418885 3.440538 2.096407 0.972766 0.823988
0.000000 26.171875 37.500000 22.872118 4.910631 1.300592 2.027489 2.392102 0.949251 1.277542 0.467058
0.000000 22.265625 39.062500 10.343734 3.246823 6.207963 1.717126 2.652872 1.100358 0.604894 0.352273
0.000000 28.906250 39.062500 10.457588 2.633082 1.350883 2.244255 2.518762 0.891276 0.538537 0.247732
0.000000 28.906250 36.718750 1.448207 4.417496 3.043097 2.087792 0.763917 1.550186 0.698725 0.353670
0.000000 30.078125 35.156250 7.444061 8.777017 1.806067 1.212349 0.808621 1.572538 0.425382 0.587897
0.000000 28.906250 30.468750 15.581725 9.701820 3.450550 2.865680 3.067777 1.397682 0.315951 0.607455
0.000000 26.953125 30.078125 23.070024 7.125316 3.674300 2.273824 1.602108 1.473119 0.385102 0.364846
0.000000 23.828125 31.250000 8.595176 7.288530 1.471024 7.965136 1.134584 1.427718 0.754837 0.563217
0.000000 16.796875 26.171875 56.965742 9.273412 0.308733 0.648899 0.315718 0.366708 0.126427 0.105705
0.000000 16.796875 20.703125 119.509175 21.498417 2.140179 1.633773 1.389766 2.106186 0.779983 0.368804
0.000000 13.281250 22.265625 23.695175 11.074822 9.720679 2.732035 2.037501 1.355307 0.855885 0.650762
0.000000 13.281250 25.000000 6.714137 3.561610 5.047303 3.111316 1.315027 1.035165 0.534579 0.382774
0.000000 21.875000 35.156250 2.367888 3.659166 3.489200 3.441470 2.563000 2.025627 0.633765 0.481727
0.000000 24.609375 39.062500 5.001901 7.642666 7.187715 5.048234 2.274290 2.573244 0.389991 0.279862
0.000000 23.437500 39.062500 102.875987 25.791815 3.423309 6.304588 7.488299 1.665438 0.909204 0.699190
0.000000 19.531250 31.640625 233.941246 36.021229 7.914379 9.288313 11.730008 2.307817 1.811655 0.435859
0.000000 18.359375 26.953125 53.097028 5.393056 1.631677 0.595115 0.427244 1.273351 0.224682 0.194646
0.000000 18.750000 21.093750 289.475778 42.371918 5.385140 10.289950 9.985408 8.435920 6.010523 0.974629
0.000000 26.953125 17.187500 63.886866 44.117449 1.416309 7.618684 13.879035 10.231975 4.565343 1.534587
0.000000 26.953125 17.187500 271.355966 20.605745 4.184665 4.201662 2.773246 1.415145 0.620726 0.830041
0.000000 27.343750 16.796875 39.261300 3.666617 0.396743 1.440756 2.034940 1.011416 0.345986 0.216300
0.000000 26.953125 14.843750 396.174379 12.868783 0.459841 2.768124 0.402797 2.023531 0.178348 0.233063
0.000000 23.437500 18.750000 176.351052 11.886936 3.061024 1.777895 3.038906 1.465436 0.821427 0.639353
0.000000 28.906250 23.828125 21.908432 9.666197 7.063383 7.550465 2.228422 2.750428 1.685927 0.463566
0.000000 25.781250 26.953125 284.302281 26.138034 24.445588 4.465459 22.527529 7.101567 2.151821 0.184169
0.000000 19.531250 30.078125 170.508632 45.869499 8.845935 6.195391 1.481036 2.188142 0.876607 0.346452
0.000000 19.921875 26.953125 0.908505 7.916940 0.187196 1.472654 1.136912 0.979984 1.370674 0.808155
0.000000 13.281250 21.093750 14.987774 15.373342 1.334818 4.687347 4.503643 0.701984 0.720378 0.783941
0.000000 10.546875 19.921875 26.200898 14.344230 6.237533 1.031905 1.760665 1.687789 1.195353 1.301058
0.000000 16.015625 14.843750 13.565179 10.370743 1.240289 0.313390 2.235640 1.139240 1.004199 1.703389
0.000000 19.531250 18.750000 16.122591 3.914349 2.255896 0.460306 1.789071 1.273118 0.623520 2.113869
0.000000 21.875000 14.843750 16.554259 13.592653 0.784639 1.191627 1.139706 0.841217 0.798609 1.074281
0.000000 21.875000 16.796875 5.506212 4.374189 3.765104 0.480795 1.122942 0.743428 0.943663 0.766711
0.000000 21.875000 26.953125 18.765219 7.395633 6.436370 2.383022 1.220731 1.635635 0.406522 0.320841
0.000000 18.359375 30.078125 7.690163 5.615177 3.433554 2.371380 1.320848 1.049135 0.540167 0.327127
0.000000 26.171875 32.421875 5.479902 6.519025 1.638662 0.407454 1.175795 1.859851 0.261934 0.551809
0.000000 26.171875 32.421875 173.290027 15.784521 5.691545 6.980961 2.759974 2.296409 1.408160 0.849832
0.000000 23.828125 35.156250 5.967915 4.215632 6.892253 1.053559 0.831671 0.673812 1.110369 0.822591
0.000000 23.828125 36.328125 1.466600 6.928341 3.777444 4.755799 0.829808 1.558801 0.332249 0.443542
0.000000 15.625000 37.890625 10.831980 14.784513 5.774433 0.680098 1.570676 1.095235 0.442611 0.386266
0.000000 13.281250 39.062500 5.832175 6.945804 2.248446 4.041474 1.509208 0.684755 0.559725 0.609783
0.000000 9.375000 35.156250 13.670186 14.616176 7.404713 4.205620 2.130400 0.781845 0.420026 0.280328
0.000000 16.796875 23.828125 28.800685 4.809350 0.192784 0.668457 2.416549 1.901062 0.328757 0.144122
0.000000 20.703125 25.781250 6.533228 6.621005 2.155080 3.560912 1.878012 1.200940 0.287546 0.765314
0.000000 23.437500 14.843750 62.650535 72.410796 3.270106 3.121560 13.502315 6.220769 1.439126 1.506880
0.000000 25.000000 5.078125 29.665185 25.661197 1.604902 1.708046 3.557652 1.388136 0.604661 0.261469
0.000000 25.000000 10.546875 76.354016 16.821781 10.119285 6.468967 16.713748 16.343547 1.362991 0.565778
0.000000 25.000000 11.718750 94.745075 9.745127 5.223555 4.206086 1.471024 2.688030 0.806991 0.522239
0.000000 22.265625 24.609375 16.000355 9.584241 9.034760 4.111324 2.961606 1.178822 0.753673 0.559026
0.000000 28.906250 31.250000 97.185373 6.196089 2.127374 0.805361 0.977423 1.478475 0.323169 1.144828
0.000000 17.187500 30.078125 48.114220 28.131763 7.539988 1.584878 2.008630 1.969514 1.279870 0.478001
0.000000 17.187500 28.906250 4.064990 10.432210 3.501074 4.094793 3.457069 2.507120 0.310596 0.650529
0.000000 21.875000 16.796875 32.129465 12.141885 1.095701 0.315486 0.719680 1.894077 0.365544 0.476604
0.000000 21.093750 19.921875 29.040733 3.923429 2.058921 2.341112 2.036337 1.095701 0.598608 0.256347
0.000000 20.703125 28.906250 11.230819 4.282687 10.821968 5.932059 1.497800 1.128297 0.543427 0.542030
0.000000 16.796875 22.265625 82.143350 41.464344 2.120854 6.912043 11.457596 2.906658 0.998378 1.138775
0.000000 13.671875 35.546875 3.326451 4.950911 14.556106 0.499887 1.111999 1.398847 0.820728 0.323169
0.000000 10.546875 32.812500 21.460466 6.759772 2.982095 3.030291 2.918998 1.190929 0.803964 1.188833
0.000000 13.281250 25.000000 36.719022 43.251552 19.596890 3.256602 7.229391 4.772097 1.304317 0.836095
0.000000 15.625000 30.078125 612.407690 174.386427 69.063157 35.943463 20.538224 26.925467 2.027256 0.647036
0.000000 16.796875 23.828125 48.859976 13.692770 2.847053 5.087117 1.552282 1.822133 0.551809 0.791391
0.000000 17.187500 19.921875 141.235068 17.052284 3.854511 2.182554 4.440779 2.316898 0.649597 0.621658
0.000000 13.671875 21.093750 79.472316 12.599863 2.090121 5.210983 1.868932 0.680331 1.173234 0.947621
0.000000 10.546875 25.000000 7.800292 4.545087 9.390060 1.351815 3.203284 0.896864 0.513857 0.771135
0.000000 10.546875 28.906250 11.874596 5.700858 4.658708 3.294321 0.959728 1.290347 1.437031 0.316650
0.000000 17.187500 30.468750 27.898233 1.707347 1.253560 0.152504 0.429107 1.129927 0.295462 0.126660
0.000000 24.609375 35.546875 2.071261 2.004672 2.939953 3.417255 0.485685 1.359731 0.599073 0.972999
0.000000 30.468750 32.421875 53.286552 21.243235 8.911826 7.420313 1.798850 6.475486 0.500586 0.351807
0.000000 32.812500 30.078125 88.231405 21.892134 11.552824 4.993984 1.419801 6.101793 0.721542 0.538304
0.000000 26.953125 33.984375 34.368830 6.812392 9.521609 5.594688 3.312714 2.449844 0.843080 0.406522
0.000000 24.609375 30.468750 246.637268 32.825395 6.260350 35.548350 14.933990 6.674556 1.816545 1.515960
0.000000 26.953125 24.609375 30.057272 7.344177 0.943430 0.553671 1.968350 2.646819 1.167646 0.762288
0.000000 26.171875 21.093750 20.044856 12.841076 2.836809 2.644490 4.188623 2.434012 0.932487 0.908040
0.000000 33.984375 15.625000 2.491986 3.125053 0.985106 1.040986 1.605367 2.186280 0.638189 0.521541
0.000000 31.250000 16.015625 26.640482 9.311130 3.549736 5.326699 0.707805 1.012115 0.564381 0.497093
