0.000000 23.437500 19.531250 118.354103 11.073193 15.508616 3.077090 2.396526 1.151813 1.016073 0.221655
0.000000 25.781250 19.531250 9.525102 9.065727 2.871500 1.637498 1.003034 0.976259 0.381377 0.344822
0.000000 25.781250 21.875000 8.868054 7.547205 1.640525 1.131091 0.516884 1.738546 0.978820 0.597676
0.000000 25.781250 31.250000 4.243804 2.350425 5.007489 1.127832 1.412351 1.775101 1.034234 0.545755
0.000000 28.906250 23.437500 11.425465 9.993790 1.372769 1.045875 0.961358 1.110602 0.939937 0.702683
0.000000 31.640625 25.000000 21.331012 0.884756 1.024688 0.259141 0.405358 0.552041 0.077067 0.102213
0.000000 29.296875 26.953125 33.749035 18.773833 5.129958 5.666399 4.039612 2.249144 1.978828 0.713859
0.000000 30.078125 21.875000 14.107907 5.015405 2.670335 0.498025 0.940636 2.312940 2.917368 2.820743
0.000000 30.468750 18.750000 5.165115 7.962575 0.267057 0.712229 1.143664 0.947388 1.637032 0.567641
0.000000 25.781250 13.671875 39.296225 44.598710 8.757226 1.416542 2.972316 2.477784 0.502681 0.611413
0.000000 29.296875 16.796875 4.089437 1.095468 1.906650 1.146691 0.967411 1.120847 0.732020 0.791159
0.000000 27.343750 11.718750 1.455890 3.055902 0.749249 0.189524 2.533430 0.766246 0.704546 0.635162
0.000000 29.296875 18.750000 1.255423 2.992107 0.771834 1.399312 1.739711 0.755535 0.427244 0.477768
0.000000 30.468750 25.000000 39.534643 4.129717 1.984183 2.200948 0.723870 0.586733 0.115251 0.094296
0.000000 30.468750 19.921875 0.899658 2.389541 0.513392 0.750413 0.432832 1.277309 0.403030 0.820961
0.000000 31.250000 27.343750 2.345769 2.715038 1.386739 2.731336 1.431210 1.319218 0.849599 1.008855
0.000000 31.640625 32.812500 0.998843 2.041226 3.097113 2.671732 0.449363 1.878245 1.686625 0.603031
0.000000 32.421875 21.093750 143.703539 81.521692 3.081979 2.884539 3.112480 7.262686 1.241220 2.423767
0.000000 29.296875 23.828125 38.823579 11.652242 4.735542 3.315741 1.937384 2.024928 3.573950 1.914566
0.000000 30.078125 22.265625 0.222120 2.163462 1.224224 1.295237 0.798842 1.288485 0.563217 0.568107
0.000000 30.078125 23.437500 4.125526 1.647742 2.900138 4.332280 1.669396 1.686858 1.050998 0.507571
0.000000 26.171875 30.468750 25.735004 7.452676 1.449836 1.079869 1.071952 0.291038 0.165775 0.116182
0.000000 29.296875 29.296875 1.308741 1.743902 0.285450 1.268229 1.595123 0.877306 0.439584 0.322936
0.000000 30.468750 23.437500 7.567462 4.397938 0.458676 0.866596 1.426088 2.365094 0.621891 0.725035
0.000000 26.953125 11.328125 0.622356 8.531846 0.378350 0.834232 0.483124 0.740867 0.941567 0.413740
0.000000 32.421875 14.843750 0.515953 3.504800 2.037501 1.217937 0.645639 1.125271 1.000240 0.273110
0.000000 29.296875 20.703125 1.264503 2.783025 3.683846 2.859393 1.098961 0.795815 0.440748 0.450760
0.000000 25.781250 28.906250 1.506414 2.492452 3.378140 0.536442 1.793494 0.735512 0.657979 0.413042
0.000000 25.781250 39.062500 2.395362 2.452405 0.877772 4.363712 0.844710 0.678934 0.718515 1.325039
0.000000 28.906250 37.890625 2.432382 1.663808 1.408625 0.762520 1.317123 1.594890 0.603963 0.690809
0.000000 28.906250 35.546875 40.615210 15.245518 14.220132 3.396301 4.160451 3.011897 0.636326 0.191387
0.000000 31.250000 34.375000 2.530636 3.618188 0.849599 3.178604 1.027249 2.293149 0.800006 0.666361
0.000000 30.468750 30.078125 43.557724 8.908100 2.765562 2.819346 1.862412 1.040986 0.847038 0.843080
0.000000 26.171875 26.171875 194.033375 39.608451 10.301825 2.016081 4.896661 5.248236 0.606989 0.694767
0.000000 31.640625 26.953125 0.793021 0.364147 0.884291 1.388602 0.358792 1.435867 0.392087 0.456814
0.000000 31.250000 28.906250 0.481727 1.654029 1.846813 1.697103 1.895474 1.020962 0.318512 0.538770
0.000000 31.250000 28.906250 2.668705 5.207956 0.878237 2.337852 1.046108 0.525033 0.628876 0.252388
0.000000 33.984375 31.640625 0.187429 2.683839 0.426313 2.091518 0.799308 1.439592 0.556931 0.390923
0.000000 29.296875 33.984375 3.772788 2.132962 4.221220 2.322719 1.199543 0.961358 0.522938 0.475906
0.000000 26.171875 31.640625 83.949417 58.324076 33.292221 4.739733 2.037268 6.564660 0.460539 0.226311
0.000000 31.640625 34.375000 4.318077 1.397217 1.522945 1.593726 0.539934 1.968117 0.756932 0.450760
0.000000 30.078125 30.078125 1.834938 6.019138 0.581844 1.135049 2.504792 1.204899 1.022127 0.975793
0.000000 33.984375 24.609375 3.120629 2.628891 2.050539 0.367640 0.975095 1.848210 0.450993 0.514556
0.000000 33.984375 25.000000 4.776521 3.837049 1.661712 1.788605 1.055188 0.588130 0.291504 0.244239
0.000000 30.468750 27.343750 0.784639 1.596054 3.314344 0.786036 0.481494 0.871485 0.674045 0.455882
0.000000 26.953125 30.468750 1.653330 8.197967 2.122484 0.585103 0.594184 0.431435 0.427943 0.451459
0.000000 22.265625 32.812500 6.518792 3.313879 0.409316 2.825167 0.341097 0.564381 1.039822 0.426546
0.000000 20.703125 37.500000 4.865695 2.580695 3.231457 6.037531 0.435859 0.393251 0.583474 0.402564
0.000000 21.093750 32.812500 3.055204 3.914116 2.884073 1.563923 1.028879 1.812354 0.267522 0.375556
0.000000 21.875000 34.375000 39.982842 28.908253 10.651536 4.844973 3.909692 2.013287 0.484986 0.284752
0.000000 24.609375 31.640625 1.168577 1.780689 1.448672 1.009088 1.908047 0.895234 1.024688 0.331784
0.000000 30.468750 27.343750 4.275236 1.348788 2.844725 3.025867 2.223998 1.776265 0.409083 0.454020
0.000000 30.468750 30.078125 3.778376 1.514331 1.842855 2.739253 1.797453 1.358567 1.393026 1.620967
0.000000 31.640625 25.781250 13.706740 14.875550 1.599314 1.882203 1.873821 1.556939 1.669396 1.641223
0.000000 30.078125 24.609375 2.271729 3.939494 1.029344 1.043081 0.862870 0.649830 0.880798 1.035398
0.000000 29.296875 20.703125 7.097842 2.879882 1.281267 0.739237 1.333654 0.878470 0.412809 0.562053
0.000000 29.296875 22.265625 0.423985 0.956003 2.900138 1.765322 0.572298 1.272419 0.246568 0.700820
0.000000 29.296875 26.953125 2.115266 4.428439 1.474516 2.060086 1.294771 0.784872 0.386499 0.434695
0.000000 30.468750 24.609375 1.448439 4.448229 0.769738 0.718515 1.111766 0.924338 0.741566 0.840519
0.000000 30.078125 26.953125 4.084548 1.995359 1.084525 1.433538 0.809785 0.674743 0.425614 0.627013
0.000000 30.078125 22.265625 2.879649 2.493151 2.154615 0.474043 1.074048 0.922242 0.373460 0.492437
0.000000 26.171875 25.781250 2.791174 5.033799 1.460547 6.693648 1.078472 0.536209 0.268454 0.392785
0.000000 29.296875 25.781250 5.385373 1.149485 0.164146 0.688946 1.528766 0.899192 0.692438 0.431668
0.000000 29.296875 29.296875 1.185341 2.977904 3.954861 4.493166 1.420965 1.515029 1.360197 0.363681
0.000000 29.296875 32.812500 0.218628 1.957640 4.680362 3.356487 1.475448 2.290355 0.771601 0.314554
0.000000 30.078125 36.328125 7.540453 5.417736 23.868633 1.417473 2.617249 1.776265 0.223983 0.338536
0.000000 21.875000 37.500000 74.668322 6.761169 1.822598 0.803266 0.791624 0.268919 0.135740 0.085216
0.000000 21.093750 32.421875 6.117625 6.807270 2.816552 1.687091 1.550885 1.227250 0.344589 0.706874
0.000000 19.921875 30.468750 2.732733 1.653330 0.945292 3.059162 2.298504 0.666361 0.512227 0.307802
0.000000 19.921875 26.171875 2.084998 2.366956 2.327608 1.864973 1.207460 0.381842 0.387430 0.433531
0.000000 26.171875 31.250000 0.873348 2.353685 3.378140 1.815846 1.150882 2.172776 0.254018 0.502216
0.000000 24.609375 28.906250 80.523081 18.970808 5.047070 0.355998 1.195818 1.275446 0.789529 0.592554
0.000000 22.265625 26.953125 123.938080 12.225006 7.547904 3.716676 2.922723 1.493841 1.544598 0.325497
0.000000 23.828125 25.000000 2.925750 4.148344 1.449604 3.737397 2.095476 0.885688 0.607222 0.446802
0.000000 18.359375 22.265625 114.903087 19.047642 9.745825 3.324822 4.922505 1.281966 0.745524 1.377193
0.000000 18.359375 25.781250 27.362956 13.868092 8.210074 0.846339 2.547167 1.148088 1.073582 0.486383
0.000000 18.359375 20.703125 30.483818 12.555625 2.314802 0.791624 1.082895 1.088483 0.467757 1.268694
0.000000 16.015625 21.875000 281.900633 16.995240 14.039455 3.689434 3.099907 1.899432 0.487547 0.221888
0.000000 20.703125 25.000000 2.345070 1.505017 1.863344 2.983492 1.705484 1.023756 0.323402 0.406057
0.000000 23.828125 23.437500 2.830988 5.318318 1.972774 0.323867 0.851462 1.186039 0.326894 0.492437
0.000000 25.000000 34.375000 0.543194 1.150649 4.093628 2.552290 0.492902 0.891509 1.095235 0.389991
0.000000 30.078125 28.906250 9.430107 6.717630 1.514331 0.441680 0.527594 2.385583 0.676839 0.482192
0.000000 31.640625 21.093750 4.893402 3.109686 0.336906 1.028180 0.994885 1.356238 0.521773 0.597909
0.000000 30.468750 24.609375 6.979331 5.837763 4.269881 1.711771 1.564622 1.343433 0.160886 0.661239
0.000000 30.468750 23.828125 8.468516 2.303626 7.253373 2.189074 1.053559 0.957167 0.588363 0.544824
0.000000 29.296875 30.468750 6.574905 0.862870 1.477078 0.578351 0.377418 0.580447 0.982312 0.498258
0.000000 26.171875 36.328125 0.942033 3.593042 4.492700 0.643777 0.764150 0.992324 0.688247 0.270084
0.000000 28.906250 35.546875 4.573260 1.225155 1.436099 0.400702 1.570210 0.736443 0.647968 0.360189
0.000000 28.906250 32.421875 4.304573 4.292000 2.947869 2.525048 0.404194 0.806758 0.645174 0.295229
0.000000 28.906250 32.812500 0.502216 1.288950 1.495471 3.084773 0.915024 1.253560 0.692206 0.471249
0.000000 28.906250 35.156250 1.231208 2.326909 6.050337 0.681262 1.942739 1.049833 0.600936 0.231434
0.000000 26.171875 30.468750 2.457527 10.973075 1.181383 2.212590 2.908520 1.688488 0.302214 0.570901
0.000000 21.875000 24.609375 21.215063 13.470417 1.327367 2.120156 1.205364 0.323867 0.105007 0.111293
0.000000 20.703125 22.265625 7.060356 2.330402 1.644948 1.791399 1.103384 0.705477 0.574859 0.201166
0.000000 18.750000 18.750000 5.256152 9.497162 3.867550 2.038199 1.265202 0.962289 0.574626 0.444939
0.000000 20.703125 24.609375 0.589527 2.132030 3.328081 2.893386 3.351131 1.876382 0.191387 0.572763
0.000000 25.781250 32.421875 3.085239 1.302455 4.086411 1.115957 1.307344 0.727596 0.613276 0.621891
0.000000 21.093750 25.000000 15.371246 34.887344 4.048925 1.922715 1.110137 0.847969 0.393251 0.379980
0.000000 23.437500 25.000000 4.775589 4.551839 2.374873 1.170672 1.987442 0.980916 0.453088 0.149710
0.000000 18.750000 21.093750 99.942554 66.165812 15.305122 11.347001 8.240342 4.583970 1.816312 0.312226
0.000000 17.187500 17.187500 14.968915 8.024508 5.617039 1.410022 0.637025 0.961358 0.278465 0.192784
0.000000 22.265625 24.609375 2.267538 2.679415 2.036570 1.615845 1.082895 0.830973 0.820495 0.146683
0.000000 22.265625 26.953125 3.963476 5.855225 4.882924 2.179295 0.968110 1.596753 0.386033 0.303844
0.000000 24.609375 28.906250 57.884492 1.885695 0.455882 0.766478 0.493834 0.300584 0.213273 0.114087
0.000000 25.781250 30.078125 1.146225 2.880348 2.212124 2.544140 1.191860 0.971137 0.656117 0.472181
0.000000 25.000000 27.343750 7.174443 5.549751 1.886627 1.897803 0.811415 0.788597 0.126893 0.250526
0.000000 22.265625 24.609375 1.494773 7.705297 2.022134 1.979759 2.791407 0.586500 0.581145 0.199769
0.000000 24.609375 21.093750 82.101207 8.434523 2.007699 0.970205 3.439607 2.147397 0.316883 0.261934
0.000000 25.781250 20.703125 2.376270 2.022833 2.302462 0.560889 1.105480 0.920612 0.609551 0.543194
0.000000 26.953125 20.703125 5.219365 1.699198 1.252163 1.132023 1.506414 0.626547 0.573928 0.636559
0.000000 30.078125 23.437500 25.701476 1.115026 0.732718 0.509899 0.404194 0.224449 0.657514 0.231666
0.000000 30.078125 23.437500 118.101016 26.858179 4.872913 3.739726 11.398923 7.078517 1.311535 4.002592
0.000000 25.781250 19.531250 41.892286 15.063677 1.063570 3.834954 2.419576 1.085689 1.394888 0.610016
0.000000 25.000000 22.265625 2.599088 1.183245 1.520384 2.467074 1.330394 0.637025 0.545057 0.373926
0.000000 24.609375 19.921875 2.565561 5.852431 2.706656 0.799308 1.379289 0.731787 0.322005 0.440981
0.000000 23.437500 21.875000 6.919727 6.727176 1.430046 1.437496 0.894535 1.098961 0.370201 0.247499
0.000000 21.875000 23.828125 184.002332 20.925421 5.917856 3.833557 2.996530 1.288485 1.292909 0.895699
0.000000 24.609375 18.359375 64.480118 9.466195 3.634254 3.371388 5.655689 6.011920 1.067761 0.520842
0.000000 21.875000 13.671875 112.285838 55.680051 1.782319 8.659437 1.953915 2.029119 0.629574 0.299187
0.000000 23.828125 13.671875 4.874775 3.516208 0.587665 1.775566 2.142740 1.301523 0.980217 0.239816
0.000000 28.906250 18.359375 2.774177 2.541346 0.602566 3.987690 0.810483 1.124805 0.373693 0.529690
0.000000 23.828125 23.437500 2.061017 3.803987 4.769303 3.707828 2.022134 1.024920 0.396976 0.378815
0.000000 26.953125 31.640625 4.606787 2.803514 3.149500 1.446577 0.674976 0.698259 0.646804 0.291271
0.000000 26.171875 30.078125 368.818408 16.029924 1.577893 3.391644 3.391877 3.481749 0.654720 0.549713
0.000000 23.828125 27.343750 34.139957 20.639971 10.877615 4.405156 2.667075 2.180692 1.393957 0.854721
0.000000 21.093750 21.093750 231.072307 33.114105 5.919021 3.178604 3.177440 1.437729 0.647036 0.715489
0.000000 22.265625 19.531250 6.848946 2.587447 2.653338 1.979293 2.132030 1.176028 0.542495 0.704778
0.000000 21.093750 26.953125 4.882459 2.161367 4.270347 1.689186 1.493143 0.878470 0.241911 0.503380
0.000000 21.875000 30.078125 13.597310 2.560904 2.861023 1.664739 0.779051 0.623288 0.674045 0.528526
0.000000 22.265625 30.078125 72.993105 14.221529 3.089663 2.274523 6.491318 0.863802 0.509899 0.188360
0.000000 22.265625 31.250000 6.572809 2.118759 2.488494 1.228647 0.385568 0.870321 0.176020 0.270549
0.000000 21.875000 30.468750 25.583897 7.976778 12.668548 1.326436 2.287328 1.680572 0.720378 0.295462
0.000000 25.781250 27.343750 0.894768 1.288950 0.573462 1.605134 1.688255 1.041219 0.320608 0.421889
0.000000 28.906250 31.250000 1.217239 3.300607 1.052162 2.615387 2.649846 0.777654 0.331784 0.409782
0.000000 26.171875 30.078125 4.181406 3.800029 0.740634 4.013767 0.820262 0.667991 0.583008 0.312924
0.000000 29.296875 30.078125 0.673346 1.540175 2.437038 0.684755 0.332249 0.917353 0.524800 0.281259
0.000000 31.250000 30.078125 4.162081 2.131332 0.794651 2.779299 1.507346 2.646353 0.687549 0.999775
0.000000 31.640625 30.468750 7.545110 3.832625 0.252388 3.062887 0.674743 1.057051 0.524335 0.648899
0.000000 26.171875 23.437500 73.281350 34.042168 3.060559 2.340181 1.352048 0.587897 0.262400 0.359491
0.000000 26.171875 16.796875 4.115747 6.967690 0.515254 2.318528 1.101755 1.820503 1.299195 0.637723
0.000000 26.171875 16.796875 5.665701 0.571832 0.959961 0.812346 1.355773 1.112232 0.386732 0.344124
0.000000 24.609375 18.750000 6.485963 1.849607 2.741115 0.888947 1.653330 0.442611 0.673346 0.376953
0.000000 32.421875 24.609375 1.475215 2.873363 1.666602 1.008157 0.516418 1.125271 0.772532 0.631902
0.000000 36.328125 25.000000 29.958086 1.881737 1.028646 0.529923 1.373002 2.457527 0.832137 0.669621
0.000000 29.296875 22.265625 5.879207 19.388041 4.679430 2.485234 1.144595 1.156004 0.764383 0.423752
0.000000 30.468750 19.921875 78.128884 9.810319 2.017012 6.506220 5.326234 2.598157 1.180917 0.669155
0.000000 29.296875 21.875000 3.419351 3.801193 5.198410 1.116656 1.255423 1.278939 0.982312 0.647269
0.000000 25.000000 23.828125 6.634742 2.956251 0.856584 1.811422 2.126209 0.915024 0.830274 0.593252
0.000000 25.000000 25.000000 53.738710 19.855797 3.848923 6.576302 1.362991 1.429813 0.534346 0.861241
0.000000 25.000000 19.921875 2.144836 7.946510 1.192559 0.297325 1.146924 1.407927 0.627479 0.535976
0.000000 28.906250 10.546875 2.879882 2.396759 0.347150 0.156462 0.635162 0.977656 0.302680 0.508269
0.000000 30.078125 13.671875 4.278030 1.101522 1.670560 0.312459 0.491971 0.807690 0.462867 0.277767
0.000000 35.546875 14.453125 3.794441 2.441462 1.849141 0.882195 1.053559 1.673587 0.462402 0.746222
0.000000 37.500000 19.921875 0.404892 1.813285 0.682427 1.148786 0.876840 1.062872 0.318745 0.272645
0.000000 35.546875 31.640625 0.783242 0.473578 5.210284 0.723172 1.254259 1.245644 0.578584 0.275206
0.000000 31.640625 35.156250 13.085781 3.645895 6.894581 2.912479 1.314795 0.937143 0.243308 0.213971
0.000000 23.828125 32.421875 5.972106 8.672941 2.069166 0.823755 0.530854 0.302913 0.278465 0.238651
0.000000 19.531250 31.640625 28.705224 12.555160 5.220762 1.728069 2.023764 1.122942 0.704778 0.600237
0.000000 17.187500 26.171875 11.411030 5.390961 2.735062 2.261950 2.066139 0.910368 0.635860 0.471715
0.000000 16.015625 21.093750 4.055444 5.468493 1.874752 2.491754 2.860790 0.434462 0.703149 0.316650
0.000000 18.750000 21.875000 3.324356 9.308103 2.599554 1.373235 0.832602 0.729226 0.253087 0.435859
0.000000 22.265625 21.875000 13.201265 3.022375 0.973465 1.282897 1.532258 1.245178 0.581378 0.412343
0.000000 23.437500 25.781250 4.435657 1.457753 1.379987 4.114117 1.418637 0.797911 0.699190 0.593718
0.000000 25.000000 25.781250 1.949724 6.686663 3.233785 0.958564 0.850530 0.934582 0.883592 0.492437
0.000000 21.875000 25.000000 73.844800 12.862729 3.698049 1.487788 0.475207 0.385335 0.184635 0.212109
0.000000 18.750000 25.000000 59.944578 9.002397 3.685476 0.969041 1.133652 1.088250 0.559026 0.165077
0.000000 17.187500 18.359375 13.167504 3.430527 0.792323 0.349712 0.393949 0.302214 0.094296 0.031898
0.000000 16.015625 19.921875 8.287141 13.409182 6.686430 5.830545 0.855653 1.467997 0.736676 0.345055
0.000000 19.921875 18.750000 54.227654 11.735829 1.893146 1.564156 1.179520 1.001870 0.485685 0.126194
0.000000 21.093750 25.000000 4.365109 1.529697 7.815892 1.209322 2.056360 1.454027 0.578351 0.141095
0.000000 26.171875 29.296875 5.304115 1.661247 1.773937 0.377418 0.252621 1.378823 0.698259 0.470784
0.000000 29.296875 25.781250 2.471032 3.491761 0.800472 0.941800 0.933185 0.696164 0.494532 0.614440
0.000000 30.078125 31.640625 1.376495 2.577435 3.366964 0.927132 1.319917 0.601169 0.679633 0.244472
0.000000 29.296875 25.781250 177.406473 10.850606 2.191402 5.821697 3.381865 1.949258 1.990469 1.739478
0.000000 22.265625 22.265625 167.595223 15.130732 2.337852 3.251014 2.521556 0.860309 0.356929 0.367174
0.000000 18.750000 24.609375 9.855255 12.250850 5.098060 4.593283 3.442168 0.705943 0.680331 0.314554
0.000000 14.453125 17.187500 50.274422 10.902295 1.790933 0.452157 0.609783 0.243308 0.077300 0.077300
0.000000 13.671875 10.156250 56.021847 11.645723 0.074040 1.341337 2.859160 1.127832 0.503147 0.210246
0.000000 18.359375 14.843750 2.081972 2.360437 3.051013 2.314104 1.930399 1.578825 0.557629 0.195345
0.000000 22.265625 11.718750 1.666136 5.307607 1.082662 1.553912 1.709210 1.424924 0.700820 0.839820
0.000000 30.078125 17.187500 3.784895 2.651010 2.123648 1.141336 0.913395 1.246575 0.643777 0.311993
0.000000 30.078125 21.875000 110.668363 33.054035 6.126706 4.890375 6.770948 4.176050 0.862405 0.794884
0.000000 28.906250 11.718750 181.561802 22.213208 0.791159 1.835637 3.337394 3.183493 0.783242 0.244938
0.000000 27.343750 19.531250 6.755115 0.966480 5.984912 0.967411 1.714565 1.007458 0.480795 0.475906
0.000000 21.875000 11.718750 63.810265 54.040691 4.275236 3.349734 8.274335 2.085464 1.451699 0.551110
0.000000 19.921875 8.984375 6.880611 29.637245 1.306878 3.161607 3.146706 1.645414 0.468222 0.544358
0.000000 24.609375 13.671875 6.836839 13.772864 3.190478 9.949785 25.815563 15.074853 4.202127 2.876855
0.000000 25.000000 10.156250 3.700377 3.208406 2.372777 1.999317 0.835396 1.358101 0.278233 0.326429
0.000000 32.812500 13.281250 5.675713 2.670800 0.886852 0.788597 3.717141 1.675682 0.622822 0.216067
0.000000 34.375000 18.750000 25.460962 7.005874 2.408866 2.953224 2.715504 0.983011 0.404427 1.213979
0.000000 30.468750 25.000000 1.633540 2.071029 2.838671 3.984896 2.582092 1.253560 1.342501 0.198605
0.000000 26.953125 17.187500 232.331920 30.286610 0.210479 4.265225 1.008855 1.861947 0.520609 0.523869
0.000000 23.437500 20.703125 8.303206 6.030081 2.621906 0.813045 0.851927 0.932487 0.535743 0.156695
0.000000 25.000000 13.671875 2.356013 4.345784 0.038184 0.527129 1.256121 0.831671 0.623986 0.394182
0.000000 30.078125 10.156250 2.971850 0.775559 1.227017 1.238193 1.719454 2.136454 0.712695 0.499189
0.000000 30.078125 15.625000 35.881065 7.931143 3.208406 2.045883 1.818407 0.768807 0.377186 0.227708
0.000000 31.250000 18.359375 3.460795 3.163237 2.081972 1.946697 1.295004 1.090113 0.835396 0.745757
0.000000 30.468750 30.078125 0.989996 1.246110 4.572095 0.943895 1.973473 0.922009 0.817236 0.302680
0.000000 21.875000 30.468750 37.882943 12.792647 5.553011 5.579088 2.176501 0.799540 0.810716 0.515720
0.000000 24.609375 32.421875 56.284480 8.594710 7.871538 3.555091 2.504792 3.052875 1.337379 0.480330
0.000000 23.437500 30.468750 4.219590 5.959999 3.744382 0.950880 0.987435 1.151348 1.206528 0.538304
0.000000 22.265625 22.265625 103.698578 70.631038 10.727905 6.147893 9.375857 9.270851 4.081288 1.362991
0.000000 26.171875 20.703125 8.908566 13.183337 2.478715 5.142763 2.774177 2.635410 3.123423 1.630746
0.000000 26.953125 18.750000 1.882203 3.838213 1.906417 1.075678 0.950648 1.208624 0.756700 0.676140
0.000000 30.468750 18.750000 2.002809 1.828419 1.655193 0.659376 0.933651 1.296168 0.438653 0.375090
0.000000 35.156250 21.093750 4.018657 1.657987 1.439359 0.216765 1.348788 1.740176 0.608619 0.501983
0.000000 36.718750 25.781250 3.198627 1.543667 2.988614 1.593493 0.596279 1.385575 0.729924 0.381609
0.000000 34.375000 27.343750 2.636574 3.937399 2.583023 0.985339 0.718748 0.548083 0.833767 0.262866
0.000000 30.468750 23.437500 4.152535 8.470612 1.288950 0.792556 1.675915 0.809552 0.747619 0.400934
0.000000 27.343750 23.828125 2.359506 1.701526 0.668922 1.117820 1.396518 0.918983 0.910833 0.389758
0.000000 22.265625 24.609375 9.475742 5.539507 8.313684 1.658686 0.766478 0.638422 0.370434 0.541098
0.000000 22.265625 26.953125 0.190921 1.814915 2.372777 3.482914 1.918990 0.618864 0.319211 0.484055
0.000000 25.000000 32.421875 127.615873 8.844538 5.709240 3.919238 2.440764 2.973713 0.987202 0.201399
0.000000 20.703125 31.250000 47.965907 8.702977 1.747394 1.668232 2.468005 0.815839 1.044711 0.400236
0.000000 21.093750 23.828125 103.820115 8.808216 1.644250 1.054723 0.916421 0.497326 0.150874 0.259373
0.000000 24.609375 19.531250 302.948291 3.722264 1.408625 2.431683 3.929483 1.724111 0.594417 0.103144
0.000000 25.781250 13.671875 130.283181 16.562641 0.895932 3.456371 5.374430 5.297596 2.130866 1.249835
0.000000 25.000000 14.453125 60.586026 29.157382 3.520167 9.460608 1.532258 2.221204 0.789529 0.343192
0.000000 29.296875 11.328125 5.033100 6.673392 0.989065 0.548782 3.468711 1.210719 0.398373 0.380212
0.000000 25.000000 11.718750 4.634494 10.570744 5.296199 1.540175 1.457520 1.101056 0.714557 0.453554
0.000000 21.875000 16.015625 22.073742 17.646933 1.472188 5.839625 0.671949 2.296176 0.714092 0.849366
0.000000 21.875000 16.015625 80.467667 15.147263 2.959743 4.134141 1.279637 1.414213 1.352513 0.529224
0.000000 21.093750 23.828125 1.181848 2.986286 2.973014 1.288718 0.693370 0.925036 1.101289 0.333879
0.000000 23.828125 23.437500 2.768124 3.862195 1.830282 1.240056 1.484063 1.246575 0.226079 0.600470
0.000000 22.265625 24.609375 1.893612 4.904810 1.709210 1.547160 0.508036 0.525033 0.465196 0.259141
0.000000 24.609375 31.250000 2.919696 1.048204 1.318520 3.273599 1.095701 0.574626 0.320608 0.670087
0.000000 24.609375 26.171875 3.724359 5.282927 1.178822 1.443783 1.998385 1.033302 0.298489 0.435626
0.000000 19.531250 26.953125 2.495479 11.779135 5.419832 1.416774 1.273584 0.540866 0.519212 0.259606
0.000000 16.796875 33.984375 3.553694 1.713401 11.196360 4.577450 0.817934 0.508735 0.685686 0.137836
0.000000 16.015625 33.984375 0.612345 0.722008 4.301080 2.057757 0.531320 0.547152 0.447966 0.411179
0.000000 19.531250 35.546875 2.752990 1.605600 3.353693 0.973698 2.047746 2.109678 0.349944 0.160187
0.000000 25.781250 35.546875 0.713160 3.259163 0.277534 3.066845 0.712927 1.638429 0.505941 0.365544
0.000000 32.421875 29.296875 9.039184 0.642845 0.991393 0.834232 0.843313 0.589062 0.484288 0.292202
0.000000 33.984375 21.875000 2.420973 4.590955 1.678010 1.094304 0.501750 0.935746 0.419328 0.409083
0.000000 34.375000 18.359375 1.090113 1.136446 0.391155 0.567175 2.098037 0.911532 0.189757 0.725733
0.000000 34.375000 18.750000 2.216315 0.817701 1.577428 0.826316 1.719687 0.794418 0.255648 0.328291
0.000000 33.984375 17.187500 2.085231 2.760440 0.672182 2.479181 0.826316 0.993256 0.344589 0.303611
0.000000 34.375000 19.921875 1.035864 1.649139 3.132271 1.069391 1.715263 0.881962 0.392785 0.382075
0.000000 33.984375 24.609375 1.389999 1.667067 3.086869 0.290573 1.005363 1.754612 0.339234 0.315951
0.000000 35.156250 21.093750 7.449649 1.352048 0.774860 0.907341 2.278946 1.250301 0.471715 0.317581
0.000000 39.062500 19.921875 13.213372 2.795830 2.218876 2.306653 3.079418 3.863825 1.318054 0.283355
0.000000 39.062500 16.796875 205.820659 19.350555 5.352544 8.095521 5.571870 5.646609 1.374865 0.387430
0.000000 34.375000 14.843750 66.349050 21.826942 5.769543 6.139278 4.387461 2.802350 0.687782 0.477070
0.000000 27.343750 16.015625 9.538839 13.227342 5.592592 2.925051 0.774395 1.114560 0.967178 0.472646
0.000000 22.265625 17.187500 3.004912 4.101079 1.277309 2.194429 0.579515 0.774628 0.808155 0.485219
0.000000 21.093750 16.796875 4.175352 10.679010 2.885005 2.465909 0.916189 1.901528 0.267755 0.711298
0.000000 22.265625 18.750000 5.709706 4.386995 0.972999 2.408633 0.492902 0.957400 0.454718 0.370201
0.000000 24.609375 10.546875 64.464984 6.483169 0.219792 0.389526 0.411412 0.760891 0.227243 0.228174
0.000000 25.000000 10.156250 5.196547 5.261973 1.790700 1.441455 0.744592 0.902917 0.528293 0.395812
0.000000 26.171875 13.281250 20.532403 2.776273 2.455432 2.397690 1.669396 1.262641 0.407221 0.332715
0.000000 25.000000 13.671875 6.860122 3.147405 0.717351 2.593966 0.915956 0.610016 0.550644 0.503613
0.000000 23.437500 18.750000 9.644777 12.588920 2.097106 2.441462 1.384411 0.864267 0.292901 0.177883
0.000000 23.437500 19.531250 145.472819 6.062910 6.484333 4.188390 9.798445 2.132962 0.532018 1.098262
0.000000 20.703125 19.921875 9.916956 6.253133 8.622417 0.615139 1.194188 0.960659 0.212807 0.371598
0.000000 21.093750 18.359375 5.014474 6.150920 1.841923 1.243083 0.803499 1.141569 0.616070 0.583706
0.000000 24.609375 21.875000 3.868481 3.411202 2.300600 2.273824 0.569038 1.181383 1.309672 0.330620
0.000000 28.906250 19.531250 2.411893 1.420965 0.329921 0.743428 1.142034 1.055421 0.407919 0.362517
0.000000 31.250000 13.281250 1.870329 5.358364 0.506407 0.981614 1.486856 0.906177 0.208849 0.389060
0.000000 28.906250 14.453125 2.457993 7.288530 1.951354 2.109213 1.523411 0.572763 0.406755 0.199536
0.000000 26.953125 11.328125 10.201707 3.508059 1.026783 1.557637 0.711996 0.616070 0.857515 0.242610
0.000000 23.828125 11.718750 1.044478 4.973263 1.282897 1.473818 1.743436 1.110137 0.778819 0.531320
0.000000 25.000000 14.453125 0.688015 2.329471 0.188127 1.181383 1.449138 0.812579 0.759959 0.488712
0.000000 24.609375 11.718750 2.586748 4.638452 1.988141 0.606291 2.785819 0.346685 0.657281 0.447035
0.000000 25.781250 11.718750 2.481742 2.653338 0.813045 1.668464 1.384644 0.876142 0.428641 0.355998
0.000000 24.609375 17.187500 7.405877 1.291977 0.948552 1.706881 0.314321 0.454951 0.278233 0.459608
0.000000 19.921875 23.437500 27.440488 3.279187 4.680827 2.486864 1.104316 0.465661 0.769738 0.323635
0.000000 16.015625 19.921875 63.562999 10.330463 0.234460 1.042383 0.737375 0.151573 0.110129 0.076601
0.000000 14.843750 23.437500 6.258022 1.886627 2.192333 3.434019 1.181383 0.913627 0.288012 0.190688
0.000000 16.015625 24.609375 2.008397 2.019107 3.353925 4.553935 0.888016 1.612585 0.534346 0.240048
0.000000 19.531250 21.093750 0.340166 3.844500 1.463108 2.084766 0.928761 0.929926 0.398140 0.360422
0.000000 28.906250 26.953125 3.339490 2.010958 0.852393 2.646120 2.482207 1.380453 0.560423 0.282424
0.000000 29.296875 24.609375 3.237976 2.473826 2.180459 1.623295 1.731794 1.046574 0.431435 0.362750
0.000000 30.468750 21.875000 7.024733 1.782551 2.257759 1.006061 1.302920 1.069158 0.364613 0.358559
0.000000 27.343750 25.781250 2.043322 3.100606 7.238938 2.406072 1.096865 0.760658 0.637723 0.253087
0.000000 30.078125 23.437500 4.382338 3.189547 0.621891 1.042848 0.475207 2.234476 0.400003 0.302447
0.000000 27.343750 19.921875 4.136236 6.730668 0.544125 2.166489 0.494299 0.854721 0.164844 0.216067
0.000000 26.171875 21.093750 1.512235 2.754619 2.728309 2.115266 1.094537 0.906410 0.307569 0.501052
0.000000 26.953125 11.328125 0.806991 13.795681 0.996049 0.991160 0.769971 1.119217 0.858447 0.300584
0.000000 21.875000 15.625000 2.809102 2.299435 1.408625 1.348555 0.511995 0.530388 0.308733 0.478001
0.000000 21.093750 19.531250 2.694782 2.894318 4.049391 1.111068 1.231674 0.706874 0.241678 0.325963
0.000000 22.265625 17.187500 0.436092 2.104789 1.205131 0.974629 0.656582 0.802800 0.256114 0.772765
0.000000 24.609375 25.000000 4.423549 4.454516 3.229361 4.337635 1.371838 1.499429 0.695465 0.512460
0.000000 26.171875 21.875000 2.835877 4.382338 1.563691 0.724336 1.215143 1.135282 0.214903 0.284519
0.000000 27.343750 21.093750 2.659857 3.244495 2.709916 1.320383 0.794651 0.904314 0.637257 0.463333
0.000000 25.000000 21.875000 3.384193 5.446607 4.182803 2.840767 1.222827 1.167180 0.251224 0.495231
0.000000 26.171875 22.265625 1.221662 1.903856 0.317115 4.091300 1.086853 1.018168 0.435626 0.390224
0.000000 23.828125 23.437500 7.023336 6.573973 1.637265 1.760200 0.682427 0.887318 0.420725 0.245403
0.000000 23.828125 22.265625 12.441771 4.446367 1.284992 3.269408 0.754371 1.117121 0.574859 0.147149
0.000000 24.609375 21.093750 38.641039 14.512567 5.424023 4.898757 3.128080 2.725050 0.479398 0.140164
0.000000 21.875000 21.093750 9.077368 2.171379 4.524598 2.340646 2.895715 0.681262 0.350643 0.227941
0.000000 19.921875 19.921875 3.245659 16.316073 3.789319 1.050532 0.484055 1.041917 0.666128 0.131084
0.000000 20.703125 18.750000 2.508285 2.430752 1.747627 0.993256 1.780223 0.672881 0.754371 0.461470
0.000000 20.703125 21.875000 7.745810 2.848683 4.185131 0.695465 0.687549 0.871485 0.494998 0.205124
0.000000 21.875000 19.921875 1.365785 1.671491 1.793262 1.969980 2.855202 0.756467 0.466127 0.595348
0.000000 23.828125 21.093750 3.367197 5.384674 1.771376 1.596985 1.860783 0.752974 0.427477 0.358792
0.000000 18.750000 17.187500 63.724583 56.292629 3.337860 7.469207 2.564164 1.550885 1.094304 0.698492
0.000000 20.703125 14.843750 9.342097 5.282694 1.399079 2.983026 1.308275 2.053333 0.638422 0.132481
0.000000 18.359375 14.843750 217.079651 8.939533 6.191898 1.630979 1.252862 1.032138 0.596046 0.576489
0.000000 21.093750 19.921875 6.825896 0.477303 1.209322 3.070571 1.109904 1.021195 1.062406 0.504777
0.000000 28.906250 24.609375 7.076887 1.491513 0.846805 1.030741 0.839122 0.739703 0.623520 0.352040
0.000000 26.171875 25.000000 1.805136 1.705950 1.482666 1.147389 1.898501 0.556000 0.359723 0.447733
0.000000 30.078125 21.093750 15.719095 7.008901 0.806525 1.375331 0.427710 1.419103 0.453554 0.377418
0.000000 26.953125 20.703125 1.249602 2.268003 3.539491 1.713866 0.459841 0.856118 0.476837 0.591157
0.000000 25.781250 23.828125 1.460779 1.812819 3.190245 1.264736 0.298489 0.815839 0.330620 0.437489
0.000000 27.343750 21.093750 4.625414 4.019588 0.808854 0.748551 0.411877 1.193490 0.752741 0.451924
0.000000 24.609375 21.875000 26.007649 11.601485 0.525499 3.111316 0.871252 0.781147 0.378117 0.345521
0.000000 25.000000 19.531250 2.898742 3.460096 2.299668 1.468929 0.632601 1.131790 0.549480 0.395114
0.000000 25.000000 13.671875 2.964865 4.234025 0.634696 1.305249 1.651468 0.803731 1.094071 0.469619
0.000000 21.093750 10.156250 12.475066 8.221716 0.898261 0.374857 0.893138 0.651227 0.483356 0.428408
0.000000 23.828125 10.156250 24.512410 10.976102 1.878710 2.313871 1.438661 1.746230 0.731088 0.545289
0.000000 21.093750 10.156250 60.812570 18.829480 6.032875 8.435687 1.707813 1.954148 1.831912 1.109671
0.000000 21.093750 11.718750 13.107900 3.892928 3.172318 1.528068 2.499204 1.211884 0.643777 0.958331
0.000000 23.828125 17.187500 3.036810 4.864996 3.901543 0.239350 2.578367 1.568114 0.968808 0.755768
0.000000 20.703125 26.171875 1.579057 3.287802 19.086292 0.669621 1.079869 0.789994 0.342960 0.267988
0.000000 22.265625 30.468750 14.853664 4.212838 12.839912 3.633555 2.173241 2.174638 0.826083 0.423752
0.000000 21.093750 32.812500 6.576302 7.008435 10.680640 0.456115 0.689644 1.814449 0.703381 0.567175
0.000000 15.625000 32.812500 72.148629 51.792013 14.447374 12.486707 1.596753 1.820968 0.551343 1.045410
0.000000 18.359375 27.343750 15.177531 5.920418 5.482929 1.479872 0.861939 1.149485 1.093606 0.587432
0.000000 15.625000 21.875000 4.192581 9.812647 2.695480 2.954854 2.932968 0.731321 0.212109 0.394415
0.000000 13.281250 14.843750 21.470478 23.774570 1.817010 2.897810 2.968824 1.288950 0.713859 0.444241
0.000000 19.921875 11.328125 142.929377 5.046837 1.623761 0.172528 1.289183 1.665903 0.716187 0.780448
0.000000 19.921875 10.156250 14.444813 5.863141 2.005370 2.769753 1.210254 1.103850 0.508269 0.430504
0.000000 22.265625 14.843750 21.083746 4.414935 5.539972 6.928574 3.086869 1.543202 0.614673 0.264728
0.000000 23.828125 15.625000 1.827022 6.009825 1.426088 0.079628 1.417473 0.490574 0.595115 0.615139
0.000000 24.609375 16.015625 3.186520 3.500376 1.383247 1.199543 2.921792 1.712469 0.670087 0.588829
0.000000 25.781250 18.359375 1.779990 2.142973 0.701752 3.159977 1.535285 0.911998 0.406057 0.440050
0.000000 24.609375 14.843750 4.292466 5.864305 2.277084 1.509907 0.672881 0.590226 0.315486 0.559026
0.000000 28.906250 19.921875 2.525747 3.557187 4.225411 1.971377 1.275213 2.052402 0.713393 0.473345
0.000000 26.953125 21.875000 1.405599 2.483372 1.159962 0.979286 0.810949 0.936445 0.518514 0.301516
0.000000 27.343750 20.703125 5.262904 1.928536 0.542263 2.142740 1.821434 0.934117 0.488013 0.330852
0.000000 29.296875 23.437500 2.264278 3.839377 8.040806 0.268221 1.493609 0.982778 0.630971 0.586035
0.000000 26.953125 21.093750 3.157882 4.888512 2.033310 0.935048 1.237961 0.804663 0.911066 0.794418
0.000000 29.296875 21.875000 3.582798 0.847736 0.866828 0.819564 0.875676 1.056120 1.696637 0.414206
0.000000 24.609375 25.000000 19.145897 6.489456 9.271782 3.614929 0.922009 0.907341 0.533182 0.350410
0.000000 21.875000 22.265625 1.836801 9.634066 0.930624 5.984679 0.977889 0.753440 0.378815 0.861241
0.000000 21.093750 19.921875 9.896699 12.536068 1.724344 1.227250 0.926899 1.274282 0.395114 0.367872
0.000000 16.796875 18.359375 2.549030 8.184230 2.530636 0.921078 0.711065 1.041917 0.661472 0.387197
0.000000 18.750000 14.453125 14.636200 6.443355 1.325039 3.623543 0.579283 1.039356 0.694068 0.247965
0.000000 22.265625 15.625000 2.883608 2.448447 2.063811 1.797453 1.192559 1.048902 0.889879 0.194879
0.000000 22.265625 21.875000 10.685297 1.851702 1.076143 1.978828 0.443077 0.366941 0.114786 0.081491
0.000000 25.000000 24.609375 10.723248 2.650544 3.480352 0.582309 1.598615 1.231674 0.733184 0.219094
0.000000 19.921875 19.531250 1.076143 20.566396 1.606531 1.486856 1.361361 0.494532 0.417465 0.128290
0.000000 18.359375 17.187500 14.216406 14.096731 8.366536 0.432134 1.000473 2.109678 0.487547 0.323169
0.000000 14.453125 8.984375 24.685636 12.157252 0.960194 0.478001 0.479398 0.300817 0.233063 0.146450
0.000000 10.546875 9.375000 16.479287 7.113907 7.102033 1.713634 3.096415 0.925967 0.465428 0.312459
0.000000 16.015625 11.718750 4.438451 7.428462 0.945758 1.702690 0.741798 1.037726 0.701053 0.586966
0.000000 15.625000 14.843750 3.018184 4.116446 4.491536 3.095483 1.672190 0.892207 0.461470 0.654254
0.000000 22.265625 19.531250 2.122251 4.791887 2.514571 0.410015 1.447042 1.846580 0.366941 0.293134
0.000000 23.828125 15.625000 18.091872 5.454756 1.603039 0.498258 0.829808 0.677537 0.144588 0.136439
0.000000 24.609375 17.187500 30.823052 5.515292 0.869390 2.507120 0.363681 0.965782 0.221422 0.128290
0.000000 26.171875 14.453125 6.118789 5.892944 1.897337 1.613982 0.457279 1.478242 0.808621 0.518980
0.000000 23.828125 13.671875 11.830358 6.062444 2.229586 0.475906 1.111068 0.819564 0.378815 0.309432
0.000000 20.703125 21.093750 157.325761 4.677102 16.204547 1.665205 1.616310 0.744592 0.560191 0.576954
0.000000 21.875000 25.000000 16.945181 1.350185 5.294103 0.464730 1.577660 1.180219 1.140172 0.393717
0.000000 21.875000 25.781250 9.259209 4.681293 2.601417 1.027947 1.369044 1.519220 0.763917 0.696164
0.000000 23.828125 27.343750 1.274981 4.616799 4.906440 0.484521 2.740882 1.636101 0.528758 0.898493
0.000000 27.343750 19.531250 10.722782 12.934906 2.303394 2.177199 2.999557 2.074987 0.725733 0.713393
0.000000 27.343750 16.796875 49.435068 5.481066 2.857298 2.623536 0.677304 1.657987 0.622589 0.898959
0.000000 29.296875 11.328125 3.775116 8.460367 0.848435 0.817236 1.653330 2.969056 0.477070 0.476837
0.000000 26.953125 13.671875 1.389999 3.785826 6.018672 3.337627 4.252186 1.071021 0.886619 0.414206
0.000000 26.953125 11.718750 90.667978 23.494009 1.834705 3.981637 1.623528 3.672903 0.577886 0.958098
0.000000 23.828125 6.250000 78.462996 52.661635 5.905051 1.942506 7.393770 3.115973 1.166482 0.421423
0.000000 19.921875 13.281250 249.232166 5.107140 2.550194 2.836343 1.311535 0.782544 0.219326 0.076136
0.000000 17.187500 18.359375 14.464371 2.775574 12.753531 3.107591 0.835396 0.671484 1.244945 1.081266
0.000000 18.750000 19.531250 20.415289 7.102499 1.812819 0.917120 0.844942 1.937384 1.317821 0.381144
0.000000 20.703125 26.171875 3.879191 3.010966 3.386987 1.652632 1.610257 0.825850 0.650063 1.095235
0.000000 21.875000 26.953125 5.620765 5.468726 4.913658 4.079426 2.847053 1.684763 2.003275 0.705244
0.000000 22.265625 17.187500 11.063181 18.195249 2.756016 3.314577 2.509682 0.894535 0.461005 0.573229
0.000000 15.625000 16.015625 86.440938 11.129072 0.607455 1.935055 1.394190 0.340398 0.081025 0.156695
0.000000 17.187500 10.546875 18.924009 9.516021 2.124347 0.501052 1.639826 2.015382 0.528991 0.787666
0.000000 16.796875 11.328125 7.070601 3.961148 5.152309 1.922017 1.179054 1.036096 0.518281 0.718050
0.000000 19.531250 10.156250 1.125038 9.185402 1.227250 1.124572 1.342269 0.939472 0.861008 0.803964
0.000000 25.781250 14.843750 6.731367 2.708286 2.183020 0.835629 1.148321 1.173234 0.735046 0.418164
0.000000 26.171875 18.359375 5.930196 2.603745 2.923887 0.721077 2.115034 1.644483 0.405358 0.472879
0.000000 32.421875 11.718750 5.225651 2.213521 0.432832 0.615604 0.976259 1.699198 0.402099 0.448199
0.000000 35.546875 19.531250 7.976079 1.205131 4.460337 1.156935 0.719912 1.722248 0.446336 0.445638
0.000000 34.375000 19.531250 1.998153 2.617715 1.045177 1.600478 1.515960 0.613742 1.030741 0.703847
0.000000 30.078125 18.359375 8.499948 11.009164 5.365815 1.267064 2.825400 1.201872 0.490807 0.472646
0.000000 25.781250 20.703125 3.861031 2.629822 0.792323 0.937143 0.951346 0.605127 0.553904 0.664731
0.000000 25.000000 16.015625 4.314585 2.511544 1.332257 0.303145 0.288012 0.928761 0.685919 0.179280
0.000000 25.000000 19.531250 0.335975 2.297806 4.063128 3.048684 1.827488 0.991393 0.672415 0.277534
0.000000 30.078125 18.359375 2.882443 3.113179 1.312466 0.243774 0.803033 1.377659 1.117354 0.650762
0.000000 29.296875 16.015625 1.770677 8.007977 2.172077 0.332482 0.656815 1.162756 0.747154 0.742497
0.000000 26.953125 18.750000 3.043795 2.448913 2.919696 0.788597 1.769280 0.751577 0.887085 0.236556
0.000000 30.078125 17.187500 5.456386 0.983709 1.810724 1.374632 1.137378 0.977889 0.837259 0.237022
0.000000 27.343750 19.921875 3.283145 1.315959 1.867302 0.920147 1.837499 0.756700 0.464031 0.147615
0.000000 27.343750 23.828125 6.665941 7.220311 2.113171 3.982102 0.995584 1.180917 0.454253 0.430737
0.000000 25.781250 23.828125 11.455035 7.738126 3.225403 3.533671 0.505941 0.996515 0.358792 0.327127
0.000000 22.265625 23.437500 9.009382 7.406110 7.520430 2.793036 0.661938 1.550885 0.514090 0.491273
0.000000 21.093750 22.265625 7.830095 6.961171 1.723180 3.617723 1.270557 1.390465 0.403728 0.503147
0.000000 19.531250 19.531250 53.024152 27.760863 3.139721 4.872913 2.227956 1.768582 0.205822 0.624219
0.000000 21.093750 19.921875 4.919246 3.230292 1.922250 3.099209 1.224456 1.237029 0.838889 0.767410
0.000000 22.265625 19.921875 3.462657 3.669178 2.530869 2.600718 0.567641 1.152279 0.379747 0.525033
0.000000 26.171875 14.453125 0.808155 1.711072 0.323169 0.328291 2.686400 0.933185 1.311535 0.421423
0.000000 31.250000 16.796875 4.462898 7.405179 6.086426 0.457978 1.516659 2.561137 0.654021 0.362983
0.000000 30.468750 15.625000 1.818640 3.467081 1.712935 1.195120 1.172535 0.795815 0.263331 0.693602
0.000000 32.812500 14.843750 1.122477 1.452398 0.833068 1.671491 0.341097 1.406530 0.378350 0.689412
0.000000 30.468750 19.921875 1.790235 1.830515 1.049833 1.634704 2.537621 0.813976 0.430737 0.245636
0.000000 25.000000 21.093750 7.812632 9.841984 7.881783 1.176726 1.189299 0.591855 0.335742 0.517350
0.000000 27.343750 20.703125 0.319909 2.264511 0.559492 1.162989 0.346452 1.297100 0.425382 0.646804
0.000000 26.953125 19.531250 1.749257 1.849374 1.306180 1.481036 1.826324 1.090579 0.531087 0.641216
0.000000 30.468750 17.187500 4.093163 1.596753 0.556000 1.497101 2.808403 1.973938 0.888016 0.380212
0.000000 37.500000 15.625000 1.558103 3.031455 1.472188 0.340631 0.260305 1.356937 0.685453 0.216998
0.000000 35.546875 17.187500 2.335291 2.007931 1.818174 0.580214 0.813277 0.724336 0.466127 0.608852
0.000000 37.500000 16.796875 3.582332 1.184642 1.508743 0.943663 2.000481 1.760898 0.575557 0.322005
0.000000 35.546875 19.531250 1.992099 1.167879 1.276843 0.500353 0.440050 0.864267 0.475906 0.369735
0.000000 37.500000 16.015625 0.666827 2.688728 0.341563 0.812812 2.053799 2.132496 0.328524 0.416767
0.000000 34.375000 21.875000 0.569504 1.235632 7.071067 6.731367 1.782086 0.922242 0.301516 0.376254
0.000000 30.468750 23.828125 7.992378 3.000954 3.686640 1.389300 0.818633 1.309905 1.469627 0.454485
0.000000 26.953125 27.343750 2.402114 2.079876 7.040100 1.532724 0.991393 0.969740 0.380212 0.718050
0.000000 30.078125 30.468750 3.545778 1.215609 0.589527 1.244014 1.462409 2.919696 0.939239 0.276603
0.000000 35.546875 23.828125 10.283664 1.458684 1.205364 1.063570 0.910601 1.674984 0.573928 0.513624
0.000000 33.984375 21.093750 19.726576 15.550992 1.744600 5.946727 3.690831 1.630746 0.761356 0.766711
0.000000 35.156250 20.703125 15.864149 1.616310 9.873649 3.676629 4.084548 2.343673 0.362983 0.675907
0.000000 30.468750 17.187500 21.789223 7.675495 0.666128 1.056818 2.268003 2.507586 0.974396 0.611180
0.000000 31.640625 14.843750 8.430099 1.403037 0.577886 0.596046 0.709202 1.520151 0.211177 0.108732
0.000000 35.156250 15.625000 9.095995 3.673602 1.414912 2.351822 2.724351 1.536217 0.463799 0.740867
0.000000 36.718750 11.328125 1.069624 3.385358 2.435641 1.701294 1.649605 2.109213 0.934582 0.786735
0.000000 39.062500 14.843750 4.654750 1.448439 1.075910 0.874279 2.382789 2.110144 0.421191 0.344822
0.000000 36.328125 18.750000 4.132278 2.177665 2.404675 2.727378 2.102694 1.707347 1.479173 0.197906
0.000000 37.890625 19.921875 2.757879 0.721542 1.917593 1.064502 1.893146 1.360197 0.284752 0.378815
0.000000 36.328125 19.531250 105.239451 6.424263 2.519228 3.281748 3.278023 1.937151 0.950648 1.047039
0.000000 34.375000 22.265625 3.175344 2.432847 2.193265 2.732733 1.075678 2.025859 0.467524 0.316184
0.000000 31.250000 23.437500 4.746020 4.190020 3.995374 2.085930 1.054024 0.804197 0.588596 0.488944
0.000000 28.906250 19.921875 10.454096 4.596543 1.054024 1.221197 1.864973 1.285458 0.803499 0.201631
0.000000 26.953125 21.093750 11.078315 2.308516 2.536690 0.115484 0.659376 0.576256 0.134343 0.190921
0.000000 23.437500 19.531250 2.098735 4.851259 2.190936 1.256354 1.737382 0.664266 0.450760 0.341330
0.000000 25.000000 15.625000 3.728317 6.716000 1.069158 2.652872 1.692912 1.494773 0.455882 0.547851
0.000000 23.437500 18.359375 7.284107 11.554919 5.032634 1.843320 0.686850 1.597684 0.831205 0.465196
0.000000 23.828125 17.187500 9.597512 4.800968 5.021226 0.318279 1.711771 1.459382 0.479398 0.362052
0.000000 22.265625 16.796875 7.772120 6.677117 3.553927 0.998843 3.919005 0.535976 0.546221 0.553206
0.000000 15.625000 10.156250 7.831492 47.347276 2.047978 1.267763 1.809094 0.882428 0.583008 0.236556
0.000000 14.453125 9.375000 44.471351 16.035978 5.119015 2.412358 1.416076 1.211651 0.327360 0.860542
0.000000 13.281250 8.984375 5.979324 7.014023 1.955777 2.756249 0.579981 1.077773 0.736210 0.391155
0.000000 18.359375 9.375000 6.195391 2.785120 1.878710 1.074746 0.999309 1.644017 1.374399 0.497326
0.000000 27.343750 16.015625 9.650597 3.390014 0.604428 1.764623 1.316890 2.196990 0.927597 0.252621
0.000000 34.375000 16.796875 1.886394 0.958331 1.239590 1.280569 1.981854 1.356704 0.440516 0.652624
0.000000 35.546875 20.703125 19.083964 2.987217 4.879897 3.187917 1.316890 1.587672 0.369968 0.317581
0.000000 33.984375 16.796875 0.966014 9.299489 0.806525 2.019107 2.772082 2.065208 0.670785 0.662636
0.000000 32.421875 14.843750 1.530861 4.716218 0.946689 0.782544 1.819106 1.372769 1.054956 0.255881
0.000000 30.078125 11.328125 2.009328 3.816560 0.931090 0.531785 1.457520 1.034699 0.674976 0.234228
0.000000 28.906250 7.812500 3.259396 5.026115 0.198837 2.647983 0.727363 0.797212 0.297790 0.424450
0.000000 30.468750 7.812500 3.592810 1.320848 0.533182 0.583474 3.485009 0.679167 0.390690 0.628643
0.000000 29.296875 13.281250 2.695248 2.286164 1.659151 1.318287 0.397675 0.844477 0.791391 0.340398
0.000000 29.296875 17.187500 2.170447 4.324829 2.712477 1.692446 0.266125 1.446344 0.536442 0.251923
0.000000 30.468750 16.796875 2.353918 3.418885 0.737375 1.096400 1.191394 0.788597 0.650529 0.114087
0.000000 25.000000 21.093750 8.622417 9.971205 8.805422 2.112938 2.323184 1.146691 0.637490 0.273110
0.000000 23.828125 20.703125 1.021894 1.773005 0.964850 1.567183 1.239125 0.517815 0.725733 0.574626
0.000000 22.265625 19.921875 10.340475 3.895024 2.027722 2.945075 2.131565 0.940636 0.440283 0.585103
0.000000 19.921875 19.531250 12.423843 23.345463 2.655201 5.181413 1.702458 2.210261 0.661938 0.468688
0.000000 18.359375 18.359375 26.792521 26.593916 4.977221 9.274343 2.089189 1.224922 1.551583 0.487315
0.000000 14.843750 19.531250 7.086433 8.451985 7.971423 2.769986 1.741573 0.734348 0.596279 0.404892
0.000000 16.015625 18.750000 0.894070 3.069639 1.064735 3.561843 2.768124 1.233770 0.649365 0.611879
0.000000 16.796875 17.187500 2.883608 9.620329 1.494773 0.981614 1.564389 1.122477 0.806060 0.361353
0.000000 18.359375 19.531250 3.993046 6.339047 6.302027 0.422355 1.233304 0.623753 0.446569 0.643544
0.000000 23.437500 19.531250 2.382556 1.473585 2.000714 1.373468 1.460314 0.835164 0.360422 0.437256
0.000000 21.875000 19.921875 9.007985 3.177905 2.195127 1.386739 0.612345 0.708271 0.486150 0.404892
0.000000 21.875000 22.265625 7.765135 2.994435 0.715023 1.260778 1.841690 0.515720 0.351341 0.494532
0.000000 22.265625 23.437500 7.941155 3.178604 4.725764 2.195826 2.430519 0.623055 0.302214 0.242610
0.000000 23.437500 21.093750 4.110159 2.716901 2.239598 0.915257 2.252869 1.229579 0.625150 0.210013
0.000000 24.609375 19.921875 6.231014 3.283378 2.011424 1.469394 1.923414 0.994420 0.359723 0.460306
0.000000 26.171875 19.921875 2.750661 4.188856 0.690809 1.555774 0.570202 1.163455 0.425614 0.367174
0.000000 27.343750 18.750000 10.726042 3.906433 4.357891 2.445653 2.797926 1.158100 0.459142 0.403263
0.000000 25.000000 21.875000 13.512094 5.791662 4.003756 4.941598 0.421191 1.398847 0.430970 1.028879
0.000000 23.437500 24.609375 6.495509 5.335780 5.909707 2.589077 1.054490 0.985805 0.721542 0.370201
0.000000 23.437500 26.953125 3.259862 1.946464 2.516434 1.095003 1.763692 0.962522 0.584871 0.495929
0.000000 24.609375 25.000000 6.123213 5.441252 1.960667 2.212124 0.914559 1.388369 0.422355 0.322005
0.000000 26.953125 20.703125 0.307336 3.247289 0.996282 0.837492 2.190704 0.906410 0.469852 0.389293
0.000000 30.078125 21.875000 1.867069 2.515269 5.766517 2.158107 0.777654 1.687789 1.880340 0.634231
0.000000 23.437500 18.359375 7.865485 10.985183 0.704546 2.864981 0.226777 0.385102 0.155764 0.114786
0.000000 20.703125 22.265625 5.041249 3.521796 6.187009 3.618421 0.872416 0.858912 0.610016 0.482192
0.000000 19.921875 25.781250 1.666136 2.434477 2.574874 0.993954 2.297107 0.931323 0.517117 0.164844
0.000000 17.187500 25.781250 3.183261 2.995832 7.349998 1.836335 0.933418 0.874046 0.513159 0.479631
0.000000 26.171875 28.906250 1.655193 1.241919 1.118518 1.334352 1.267530 1.443783 0.688247 0.342028
0.000000 28.906250 25.000000 3.162073 4.959758 4.073139 2.218410 1.713401 1.332490 0.773463 0.775093
0.000000 24.609375 25.000000 2.219575 4.986534 4.491536 0.741333 2.091052 0.516418 0.563916 0.315486
0.000000 25.781250 21.875000 3.524590 4.637521 2.766028 1.781620 1.101522 0.921777 0.731787 0.749249
0.000000 19.531250 21.093750 4.979316 6.353715 1.984183 2.386048 1.118053 0.610715 0.790693 0.193948
0.000000 20.703125 22.265625 1.029111 1.562526 0.881730 2.522720 1.144595 0.840286 0.461703 0.345754
0.000000 23.828125 23.437500 0.821427 3.001420 3.860099 1.723645 2.422603 1.108740 0.742031 0.447500
0.000000 23.828125 23.828125 10.195188 4.023314 3.088033 2.325745 1.278240 1.039589 0.893837 0.349944
0.000000 29.296875 19.921875 1.004897 2.671499 0.107335 0.999775 3.400957 0.957865 0.656350 0.858214
0.000000 29.296875 16.015625 5.534617 2.089655 0.840751 1.023989 1.982786 0.732718 0.679400 0.573462
0.000000 29.296875 14.453125 11.716969 3.646128 1.725741 0.715489 1.678476 0.822591 0.407919 0.349944
0.000000 30.468750 13.281250 5.749753 4.668953 2.891989 1.489185 0.949949 1.365785 0.386266 0.616536
0.000000 28.906250 19.921875 1.478475 2.313871 2.102694 2.786051 0.817701 1.099193 0.939472 0.802567
0.000000 28.906250 20.703125 2.489658 3.298046 1.730397 1.494307 2.470333 1.035631 0.714790 0.367407
0.000000 24.609375 21.875000 1.216773 6.480375 3.349734 1.023291 0.686152 0.484055 0.517583 0.631204
0.000000 22.265625 16.796875 2.003973 6.480375 0.724103 0.696862 0.623055 0.632601 0.695465 0.625616
0.000000 23.437500 16.015625 5.377922 1.801644 0.959728 3.187917 1.390465 1.005363 0.548549 0.448665
0.000000 25.781250 18.359375 0.611413 0.658911 0.851462 2.928777 2.243789 1.550652 0.430038 0.184635
0.000000 31.640625 18.359375 1.134584 2.075918 0.459841 1.748092 0.964617 1.273351 0.258908 0.446336
0.000000 33.984375 22.265625 1.190696 3.419816 3.373250 0.439584 1.297565 1.180917 0.445638 0.375090
0.000000 35.156250 19.531250 4.248926 2.612127 1.004897 0.886619 1.281500 1.039589 0.483124 0.472879
0.000000 33.984375 14.843750 1.725741 3.508292 0.766944 0.725500 1.509907 1.202337 0.507804 0.587432
0.000000 30.078125 14.843750 0.752276 3.820518 1.912471 1.280103 1.444016 0.643777 0.405591 0.397675
0.000000 22.265625 10.546875 132.560730 50.310744 10.508345 1.823762 2.576970 1.248205 0.576023 0.162981
0.000000 23.437500 11.718750 1.176260 1.566717 0.519212 1.017004 0.482658 0.941567 0.486383 0.291737
0.000000 21.875000 14.843750 2.455432 3.015157 2.164394 0.764150 2.143672 0.881031 0.584405 0.441447
0.000000 23.828125 16.796875 1.821434 2.590008 2.031680 1.806766 0.970205 1.123641 0.556931 0.579748
0.000000 30.078125 18.359375 8.774921 5.340204 1.697335 3.230758 8.836156 1.087086 1.571607 0.434928
0.000000 26.171875 19.921875 6.047543 5.230773 2.135988 3.949506 0.844011 1.074281 0.459608 0.326661
0.000000 27.343750 20.703125 1.840293 1.606764 1.051230 0.999542 0.528060 0.851229 0.354601 0.339467
0.000000 25.000000 18.750000 2.410496 7.404247 1.618639 2.709683 1.066830 0.900356 0.386033 0.333879
0.000000 23.437500 21.093750 1.236796 5.593523 2.002576 3.182795 1.360895 0.623520 0.955770 0.285916
0.000000 23.437500 23.437500 2.378365 2.257293 2.730638 1.731096 0.475906 0.788365 0.537140 0.311062
0.000000 20.703125 16.015625 7.916009 7.656636 0.129454 0.794418 0.881497 0.867294 0.785571 0.264961
0.000000 22.265625 13.671875 50.672563 19.957777 3.410969 4.930887 8.545350 3.982568 2.938788 2.793735
0.000000 23.828125 10.546875 55.263285 12.121163 2.408400 1.904555 2.415851 1.238659 0.882428 0.739004
0.000000 18.750000 8.984375 11.265744 9.305775 7.722294 2.463581 1.804903 0.524102 1.228182 0.895699
0.000000 21.093750 13.671875 3.602123 7.575611 3.283843 0.530155 0.814907 2.265908 4.200730 1.515029
0.000000 18.750000 11.718750 6.221700 11.037802 1.265435 1.333421 0.846107 0.914792 0.501517 0.305241
0.000000 21.093750 18.359375 1.474982 2.459157 3.263354 3.192807 1.265435 1.547858 0.326661 0.352506
0.000000 22.265625 14.453125 65.674773 3.981637 0.834931 0.591157 0.223750 0.221422 0.117114 0.087079
0.000000 23.437500 14.453125 9.193085 2.948102 1.434004 0.659144 1.632608 1.307111 0.740169 0.477536
0.000000 23.828125 19.921875 16.217586 5.918555 3.105029 5.137641 1.885695 1.280336 0.835862 1.117354
0.000000 21.093750 19.531250 14.042249 8.678995 10.919757 1.149951 0.914559 1.508044 0.420725 0.391854
0.000000 26.171875 23.437500 10.662479 2.703164 5.054055 0.508269 2.325047 1.397450 0.513392 1.167646
0.000000 20.703125 24.609375 34.186523 8.090166 2.414687 2.024462 0.857282 0.569038 0.173459 0.271481
0.000000 19.921875 25.781250 6.950926 3.761379 2.459623 5.362788 1.383945 0.889879 0.250526 0.182539
0.000000 21.875000 25.000000 13.039215 3.317837 7.012859 1.334818 4.048692 1.702225 0.432134 0.242144
0.000000 23.828125 25.000000 1.038890 2.299668 2.220506 2.237735 1.002336 2.081739 0.646105 0.805827
0.000000 29.296875 23.828125 2.783258 3.076624 0.621192 1.088250 1.358800 0.915723 0.867294 0.219326
0.000000 32.812500 19.921875 1.678709 1.825858 1.022592 0.703149 0.812812 0.937842 0.803499 0.458909
0.000000 34.375000 19.921875 1.145760 3.169989 5.008187 1.313165 1.523877 1.872424 0.247266 0.307802
0.000000 35.546875 18.359375 1.358101 4.605623 2.188375 2.386980 1.107808 3.645197 0.590924 0.547152
0.000000 36.328125 21.093750 2.122018 1.867767 2.450775 0.437954 1.280103 1.097564 0.325032 0.534812
0.000000 26.953125 23.828125 3.267312 15.690457 5.776063 12.226868 2.468470 0.480795 0.618864 0.327360
0.000000 27.343750 18.750000 0.959029 2.976041 0.954140 0.483124 1.498265 1.262641 1.254259 0.413507
0.000000 25.000000 21.875000 2.213754 0.589527 1.408625 0.336673 0.268454 0.457047 0.440516 0.490574
0.000000 26.953125 19.921875 1.842855 1.623528 0.379980 1.745531 2.329703 1.748791 0.171829 0.237487
0.000000 32.812500 22.265625 2.873130 1.026085 8.256873 1.177425 2.239365 0.823755 0.375323 0.519678
0.000000 26.171875 28.906250 1.078704 4.389789 7.611234 1.197215 2.641929 0.493601 0.882195 0.809319
0.000000 26.953125 22.265625 1.919921 1.062173 0.712229 0.607921 3.639376 0.644941 1.139706 0.305707
0.000000 18.750000 26.953125 3.415858 6.688759 7.755123 3.955793 1.548557 0.538072 0.758562 0.444939
0.000000 19.921875 24.609375 0.675675 2.289657 1.707114 2.787448 0.737375 0.841217 0.844710 0.318279
0.000000 25.000000 23.828125 1.917593 2.340181 2.203276 1.884997 0.406289 1.265202 0.615604 0.499422
0.000000 21.875000 27.343750 1.596753 2.639601 1.145527 1.932029 0.785105 0.634464 0.483822 0.323169
0.000000 28.906250 24.609375 1.677545 3.519002 1.384644 2.134359 1.068460 1.443084 0.309199 0.354368
0.000000 25.781250 20.703125 18.427148 7.023104 1.246110 2.742978 3.149966 0.586733 0.703614 1.009787
0.000000 21.875000 20.703125 13.242709 12.614531 15.504891 2.458924 2.246350 2.338318 0.645174 0.540633
0.000000 22.265625 24.609375 5.993759 1.452863 2.904097 3.338559 0.533648 1.135515 0.704080 0.339700
0.000000 20.703125 23.437500 6.707152 6.675953 1.717126 1.562526 0.332016 1.141103 0.276137 0.636093
0.000000 23.437500 26.953125 5.180249 3.657071 5.140901 1.389300 1.095934 0.961591 0.416534 0.566477
0.000000 25.781250 25.000000 0.991626 5.483627 2.566492 2.069864 0.840286 1.604203 0.251224 0.566011
0.000000 28.906250 18.359375 1.711771 2.878718 0.344589 0.914792 0.556465 1.107343 0.594184 0.457279
0.000000 28.906250 19.921875 6.975839 3.536465 0.857282 2.603978 1.173699 0.756234 0.342727 0.363914
0.000000 30.468750 17.187500 8.696690 2.972549 2.032379 1.752982 2.120156 1.460314 0.742031 0.314089
0.000000 30.078125 16.015625 1.590699 3.354857 2.464512 2.193963 6.414251 0.978354 1.247739 0.440283
0.000000 25.781250 23.828125 2.206070 1.995591 7.925089 0.511296 0.842381 0.939006 0.552507 0.424217
0.000000 29.296875 21.093750 3.116205 5.340902 1.949957 1.305714 1.223059 2.556248 0.506872 0.168104
0.000000 24.609375 19.921875 2.899906 8.384231 2.419576 1.105713 1.073815 0.633998 0.263564 0.228407
0.000000 24.609375 25.781250 1.796288 0.860309 2.400950 2.202578 0.313856 0.767410 0.242610 0.250759
0.000000 22.265625 25.000000 2.690125 3.439840 4.704110 7.387018 2.019806 0.870787 0.648201 0.333413
0.000000 20.703125 26.171875 5.909009 2.851011 2.752757 0.868691 2.876623 0.904314 0.541098 0.596512
0.000000 21.875000 31.250000 2.051704 3.334833 3.465917 2.413988 0.740169 0.707805 0.284053 0.674976
0.000000 19.921875 23.437500 0.135973 14.271354 2.670335 1.220498 1.929468 1.296867 0.235857 0.233529
0.000000 19.921875 16.015625 4.990026 7.340452 1.078704 1.052627 0.608619 0.515953 0.505242 0.264030
0.000000 21.093750 14.453125 2.376735 1.985813 1.048669 0.535743 1.223758 0.746222 0.891974 0.246102
0.000000 24.609375 13.281250 0.500353 0.819098 1.600711 0.707572 1.255423 0.740401 0.281492 0.220258
0.000000 25.000000 16.015625 1.164852 3.121560 0.626314 1.414446 0.153901 0.431668 0.186032 0.197906
0.000000 29.296875 21.093750 1.686160 2.385816 1.481269 2.463814 0.859378 1.250068 0.336207 0.470784
0.000000 31.640625 21.875000 2.199318 1.879409 0.687782 1.648674 1.177890 1.670327 0.419794 0.254251
0.000000 32.421875 20.703125 1.359731 2.176501 1.099426 1.484761 1.333887 0.917353 0.602333 0.251457
0.000000 26.953125 13.671875 18.645544 19.263942 0.459608 1.058215 0.957167 0.389991 0.112690 0.094064
0.000000 26.171875 13.281250 2.238667 2.738554 0.725035 3.013760 0.966014 0.928529 1.413980 0.635860
0.000000 21.093750 13.281250 1.705484 7.856637 2.727145 1.638662 1.402339 1.229113 0.306638 0.406289
0.000000 19.531250 10.546875 5.027745 5.666399 2.247747 0.198605 1.013977 0.922009 0.596279 0.378350
0.000000 23.828125 16.015625 20.480482 5.350914 0.992557 1.403969 0.963686 0.582309 0.642613 1.039589
0.000000 21.093750 18.359375 33.904798 3.473368 5.221460 6.895745 3.889902 1.253560 1.421897 1.818174
0.000000 18.359375 23.828125 2.022134 6.952789 14.780322 9.238720 1.437496 1.377892 1.413049 0.469619
0.000000 15.625000 27.343750 1.782319 6.443355 0.595115 9.663170 2.488028 0.950880 0.684522 0.367407
0.000000 20.703125 31.640625 2.579065 2.583954 1.847744 6.975373 2.214452 2.868241 0.326661 0.265194
0.000000 23.437500 27.343750 1.025153 5.586073 1.595821 1.745997 1.580920 1.488021 0.423519 0.413507
0.000000 24.609375 26.171875 4.449859 3.982801 2.986286 8.525560 2.095476 1.008855 0.777189 0.490341
0.000000 25.781250 31.250000 0.071945 3.051246 8.233357 8.018455 0.369735 1.674052 0.876840 0.254950
0.000000 21.875000 31.640625 3.837049 2.916204 3.739726 2.508052 1.064502 0.774395 0.498723 0.850065
0.000000 20.703125 36.718750 12.189616 2.438901 3.223075 10.488555 3.201421 2.085697 0.321772 0.288012
0.000000 21.093750 36.718750 2.655666 5.086418 5.659414 6.158603 1.352048 1.175562 0.738306 0.262866
0.000000 19.921875 32.421875 1.260079 7.011462 5.780021 2.879417 0.672182 0.922475 0.264496 0.212574
0.000000 18.359375 34.375000 1.937151 5.071284 3.832858 13.730023 1.091743 1.104549 0.441214 0.732951
0.000000 22.265625 32.812500 1.527136 1.015142 1.995591 3.910856 0.739004 3.153924 0.357628 0.473345
0.000000 20.703125 35.546875 3.741123 2.280343 8.509029 3.952300 1.051929 0.576954 0.375090 0.208151
0.000000 23.437500 39.062500 1.346925 1.891749 10.392163 7.134164 0.551110 2.329005 0.358792 0.390923
0.000000 25.781250 39.062500 1.997920 5.308539 1.744600 13.159122 2.548331 2.415385 0.215601 0.333413
0.000000 20.703125 36.718750 4.783971 6.185146 2.798159 4.130183 2.766028 1.216773 0.229804 0.527827
0.000000 25.000000 36.328125 0.886153 4.628208 11.264114 15.476486 0.809552 4.102243 0.323402 0.481261
0.000000 21.093750 35.546875 1.535984 4.975125 11.858530 8.518575 1.078937 0.949251 0.241445 0.265660
0.000000 18.359375 35.156250 7.038470 7.980969 5.788868 6.689690 0.607222 1.048902 0.260072 0.421423
0.000000 19.531250 39.062500 1.318753 0.755303 2.753222 6.037299 1.287553 1.389766 0.254717 0.378350
0.000000 18.359375 35.156250 23.741741 5.999813 2.376968 5.790265 3.885245 1.422130 0.597909 0.469852
0.000000 20.703125 31.640625 7.117633 2.619345 2.944143 3.769761 2.705026 0.690809 0.249594 0.364846
0.000000 25.000000 31.250000 6.179558 4.599104 9.316951 1.525972 1.565088 3.438210 0.163447 0.247732
0.000000 18.750000 25.000000 42.293221 27.077738 8.430332 6.492482 0.587432 0.838656 0.263331 0.355067
0.000000 18.359375 27.343750 11.792174 3.697583 0.508502 6.661285 0.836328 0.891043 1.065433 0.289176
0.000000 20.703125 25.781250 3.155554 1.623062 1.061009 1.158565 0.991626 0.645407 0.487082 0.349013
0.000000 16.796875 22.265625 5.075010 7.026363 1.413049 2.167420 0.951579 0.754837 0.414206 0.446104
0.000000 23.437500 21.875000 1.211651 5.539274 3.064517 0.520144 1.694774 1.168111 0.399072 0.339234
0.000000 23.437500 16.796875 8.225441 5.061040 1.748092 0.821194 0.893138 0.689644 0.659609 0.325497
0.000000 22.265625 15.625000 22.284687 5.811686 1.202105 2.451940 0.761822 1.276843 0.762753 0.732951
0.000000 23.828125 11.328125 3.427034 9.354902 0.196043 1.578126 1.849607 1.000473 0.586500 0.641448
0.000000 24.609375 13.671875 3.454974 2.737623 1.487788 1.740642 0.352738 0.866828 0.593020 0.355300
0.000000 26.171875 13.671875 1.183013 3.672438 0.601634 1.469627 1.247274 0.932720 0.555301 0.383006
0.000000 25.000000 14.843750 1.998618 7.216120 3.917143 3.467314 1.613749 1.351815 0.557629 0.590924
0.000000 23.437500 16.015625 19.418541 16.225968 2.482906 1.177657 0.787899 1.090113 0.917818 0.195345
0.000000 20.703125 16.015625 29.086135 1.500826 1.402106 0.268221 0.840519 0.211643 0.084750 0.165310
