0.000000 22.265625 16.015625 37.425896 26.091235 1.234002 3.651250 1.608161 2.000015 1.100358 0.837492
0.000000 22.265625 20.703125 61.158789 12.957957 8.180505 1.939479 1.320848 4.261732 2.272893 0.885921
0.000000 25.000000 15.625000 9.763287 5.011447 0.925269 1.110835 0.419328 1.342269 2.102461 2.562068
0.000000 25.781250 20.703125 3.102468 5.342765 2.334826 0.896631 1.600711 0.637257 0.337837 0.272878
0.000000 32.812500 23.828125 2.859160 2.533197 1.088949 0.329921 0.403030 1.548324 0.735745 0.454718
0.000000 36.718750 17.187500 1.128763 1.551583 0.381144 0.466360 3.625173 1.015840 0.165543 0.289641
0.000000 35.156250 23.828125 0.954373 2.125977 2.638437 0.913860 0.452157 0.679865 0.182772 0.469154
0.000000 32.812500 25.000000 110.224122 17.774524 4.366273 6.231247 0.339234 1.226319 0.678934 0.543660
0.000000 20.703125 23.828125 34.041237 48.993854 7.415190 4.072906 0.932021 1.299893 0.905246 0.533182
0.000000 18.359375 24.609375 2.652872 1.660082 0.281725 0.289176 1.031673 0.589527 0.599306 0.327593
0.000000 18.750000 14.453125 3.066612 2.884306 0.428408 0.331318 1.983717 0.532018 0.447268 0.567175
0.000000 26.953125 13.671875 0.963919 1.840293 0.704080 1.344131 0.855187 1.312699 0.572298 0.354601
0.000000 39.062500 16.796875 6.406335 1.156237 1.541572 0.771601 3.310619 1.087319 0.303145 0.305707
0.000000 37.890625 21.875000 2.265675 3.490364 1.523877 1.647975 1.522712 1.238892 0.757864 0.319676
0.000000 36.718750 28.906250 3.754161 4.216796 2.231682 0.977423 1.553446 0.812812 0.634464 0.308501
0.000000 30.468750 34.375000 3.374182 2.477784 6.567920 2.832152 0.693137 0.822358 0.525266 0.347383
0.000000 20.703125 37.500000 16.722362 12.575649 16.925856 3.767200 4.035188 1.190929 0.676140 0.666594
0.000000 14.453125 31.250000 81.842532 25.717076 0.802102 4.628440 4.181871 1.368346 0.961358 0.819797
0.000000 8.984375 30.078125 12.992183 41.956548 16.086036 6.780727 3.362307 2.362300 1.300126 0.765081
0.000000 11.718750 23.437500 161.772827 16.292091 6.338814 6.689224 5.861744 3.974186 1.717359 0.837492
0.000000 16.796875 14.453125 21.994812 5.201437 0.278465 0.571832 0.130851 0.652624 0.210013 0.097789
0.000000 25.000000 17.187500 11.014054 3.488967 1.251930 0.552740 0.921311 1.451932 0.596279 0.642845
0.000000 31.640625 18.359375 9.575626 7.556286 2.502464 3.461493 0.839587 2.297107 0.734814 0.557862
0.000000 29.296875 14.843750 15.110243 15.535625 0.624219 3.838679 1.539709 1.347391 0.486849 0.436557
0.000000 22.265625 19.921875 133.004272 43.552369 18.854626 3.881287 2.556480 1.593027 0.587897 0.915723
0.000000 19.531250 18.750000 9.035692 5.987240 1.271721 0.957400 3.051013 1.044245 0.292435 0.380911
0.000000 18.359375 11.718750 1.868932 8.970033 0.516651 1.173699 1.656823 1.315260 0.743661 0.734581
0.000000 22.265625 17.187500 7.570023 2.098503 1.586042 1.589535 0.900123 0.964385 0.344589 0.595581
0.000000 32.421875 20.703125 6.999588 3.050780 2.966262 1.108274 0.503613 1.677079 0.877772 0.502681
0.000000 28.906250 21.093750 26.395079 17.423881 4.276168 1.278007 0.658445 1.245877 0.988599 0.844477
0.000000 29.296875 23.828125 2.566027 4.531816 0.844011 1.338078 2.207933 0.942731 0.931323 0.691041
0.000000 31.640625 18.750000 4.907837 3.693858 0.764383 0.639353 0.371132 1.785578 1.175329 0.336440
0.000000 30.468750 10.156250 1.894077 2.165092 0.144588 0.616303 2.496643 0.562053 0.710832 0.445871
0.000000 39.062500 13.671875 1.953449 1.262641 1.254259 0.678701 1.163688 1.338311 0.607921 0.563450
0.000000 39.062500 10.156250 31.154836 16.486039 1.728069 1.150416 3.407244 2.284534 1.255423 0.710133
0.000000 36.328125 11.718750 3.978377 5.567912 2.867309 0.108732 0.747386 1.571840 0.312459 0.540167
0.000000 39.062500 14.843750 2.673361 2.141343 1.503853 1.283363 4.467089 3.984198 0.435859 0.854488
0.000000 39.062500 14.843750 1.439359 2.449844 1.845649 1.030043 0.920380 2.212590 0.660308 0.729226
0.000000 39.062500 20.703125 1.260545 3.643567 2.138317 1.329463 1.545995 2.187677 0.480562 1.277542
0.000000 36.718750 18.359375 1.245644 4.788162 0.766944 1.014210 2.576737 0.556000 0.944128 0.676839
0.000000 30.468750 25.000000 0.917586 2.040295 3.845431 1.011882 0.924105 1.034001 0.985572 1.791632
0.000000 27.343750 25.000000 0.437722 4.888279 3.108522 0.766013 1.657754 1.841690 0.672648 0.800705
0.000000 26.953125 22.265625 2.517132 3.537396 0.831904 0.788597 1.902692 1.223292 1.271954 0.885921
0.000000 32.421875 24.609375 2.768356 4.166039 1.868233 0.511529 0.246568 2.180925 0.922242 0.472181
0.000000 35.156250 18.359375 6.912043 5.710404 1.703622 1.226319 1.589302 2.693618 0.370201 0.806293
0.000000 32.812500 19.921875 2.301065 3.849156 3.975118 1.059612 1.630513 1.116656 1.532724 1.373002
0.000000 28.906250 29.296875 76.240161 5.484559 12.163306 2.302928 2.190704 1.621665 1.633773 0.350410
0.000000 21.093750 26.171875 16.988255 9.114388 1.118053 1.548789 3.798865 0.640517 1.202570 0.350876
0.000000 15.625000 20.703125 1.997920 11.202879 0.678468 0.716420 1.421198 0.785105 0.782544 1.215376
0.000000 14.843750 15.625000 3.344379 6.619142 0.903150 1.068925 1.966953 0.869390 0.384636 0.612810
0.000000 19.921875 7.812500 2.728077 2.083369 1.034001 0.531552 1.479872 1.214445 1.161359 0.306638
0.000000 23.828125 6.640625 2.499670 5.596317 0.655185 0.662170 0.625849 0.991859 0.572531 0.267755
0.000000 23.437500 16.015625 5.078735 6.306916 2.793735 2.617016 1.247507 0.713393 0.703381 0.479631
0.000000 26.953125 16.796875 2.266839 3.997702 0.751112 0.929693 1.126667 1.483830 0.535743 0.608386
0.000000 25.781250 20.703125 1.214445 2.000947 1.178123 1.273351 0.227708 0.995351 0.460073 0.658678
0.000000 31.640625 19.921875 7.650349 1.240522 0.294298 0.403030 1.839362 1.447275 1.644948 0.447966
0.000000 37.500000 14.843750 6.905291 7.394701 1.909677 0.765081 2.912246 2.720626 0.495231 0.360422
0.000000 31.250000 16.796875 6.411923 16.695587 6.546499 1.264270 3.932044 1.036096 0.854954 0.838889
0.000000 31.250000 15.625000 5.875947 2.903864 2.376270 1.472887 1.758803 1.754379 1.180684 0.393251
0.000000 25.781250 18.750000 2.105255 9.317184 2.259854 1.017004 0.170432 2.151588 0.691041 0.517350
0.000000 25.781250 21.875000 1.748325 1.764856 0.764383 0.883359 0.968575 0.951113 0.887783 0.279164
0.000000 30.078125 20.703125 6.542308 5.423557 1.867069 0.746688 0.818633 0.915024 0.838423 0.663102
0.000000 28.906250 18.359375 3.779540 8.203555 2.600951 1.029577 0.771368 2.308981 0.648666 0.637025
0.000000 30.078125 21.875000 3.753696 2.143439 0.359025 2.274290 0.430737 1.281034 1.113862 0.231434
0.000000 19.921875 20.703125 36.545563 24.281675 4.278962 3.259862 0.426080 0.614906 0.213273 0.268454
0.000000 17.187500 20.703125 374.631491 12.592180 3.757654 1.043547 0.656815 1.119450 0.565778 0.414439
0.000000 19.531250 24.609375 7.039867 2.116663 2.925284 1.573237 1.532258 1.803506 0.392320 0.357162
0.000000 19.921875 25.000000 1.819571 2.976740 2.758345 1.668930 1.230277 2.236338 0.577653 0.893604
0.000000 22.265625 25.781250 43.524895 4.933914 1.303619 0.554603 0.477070 0.285218 0.113621 0.083353
0.000000 26.171875 28.906250 1.384644 3.872439 3.397698 0.851694 1.955777 1.423294 0.524567 0.222586
0.000000 18.750000 24.609375 5.202368 17.452752 4.315749 2.789078 0.680331 0.861008 0.856118 0.502449
0.000000 13.671875 26.953125 8.342788 4.557660 4.814472 3.516674 1.018867 0.934349 1.053791 1.136912
0.000000 20.703125 25.000000 2.460089 3.910856 0.263797 0.976492 0.566943 1.459382 0.581611 0.725035
0.000000 18.750000 21.875000 6.980961 4.853355 0.944594 1.073815 1.951354 0.684755 0.557862 0.838423
0.000000 24.609375 28.906250 0.504311 1.363689 4.448229 0.447268 0.492204 1.058914 0.673346 0.266125
0.000000 33.984375 19.921875 0.948086 1.120614 0.114087 0.882195 2.223067 1.852168 0.410713 0.594417
0.000000 31.250000 22.265625 0.337139 2.962071 1.127599 0.923174 2.230052 0.792090 1.366483 0.488246
0.000000 31.640625 28.906250 2.260553 3.470806 4.505971 2.127839 2.313638 1.076143 0.525499 0.756001
0.000000 26.953125 29.296875 1.152745 2.104789 6.255694 0.518281 1.068693 0.393018 0.647036 0.314089
0.000000 20.703125 36.718750 0.694068 3.533205 7.638941 1.581386 2.461951 1.963461 1.141103 0.657048
0.000000 22.265625 39.062500 0.949483 0.605360 3.253110 1.055887 1.392327 1.373468 0.548316 0.770204
0.000000 25.000000 37.500000 0.559725 6.572809 2.121087 0.587897 0.826083 1.834705 0.674278 0.514323
0.000000 29.296875 36.328125 2.118992 1.305947 4.354632 2.592569 2.760207 1.028646 0.969740 0.732020
0.000000 26.953125 37.500000 0.806060 6.834278 9.162584 4.370697 0.737375 1.892447 0.524800 0.419794
0.000000 22.265625 37.890625 5.308306 3.215391 6.719492 0.899192 1.466833 0.909902 0.458909 0.430271
0.000000 20.703125 39.062500 0.764849 3.275229 1.606531 0.864500 0.644010 0.671716 0.783475 0.879169
0.000000 19.531250 39.062500 2.465211 2.512010 4.317611 1.568813 0.760658 0.748783 0.746688 0.217464
0.000000 23.437500 35.546875 4.183501 1.459848 1.911074 0.461238 1.893379 1.186505 1.222361 0.442844
0.000000 25.000000 32.812500 0.967644 2.027489 2.952293 0.989996 2.149260 0.881497 0.944128 0.944128
0.000000 23.828125 35.156250 2.645422 3.042631 2.535060 0.596512 0.490109 0.509433 0.516418 0.427477
0.000000 24.609375 29.296875 0.755535 3.419816 0.275671 1.664972 1.232605 0.561355 0.578817 0.218395
0.000000 13.671875 19.531250 39.790524 10.448508 0.231434 0.199769 0.691507 0.137370 0.123167 0.142492
0.000000 10.546875 16.796875 4.928093 8.174917 4.963484 0.631204 2.273824 1.005828 0.851694 0.215136
0.000000 14.843750 13.281250 1.859153 2.832152 0.370434 0.906177 0.837725 1.041684 0.899192 1.366716
0.000000 13.281250 11.718750 173.000153 30.893600 4.305504 6.900402 4.217029 2.939487 1.230976 0.418397
0.000000 17.187500 20.703125 18.902123 11.688331 2.956251 1.421664 0.855187 0.714324 1.470326 0.661239
0.000000 18.359375 26.171875 1.617009 1.377892 2.418645 1.752283 0.589062 0.526430 0.552041 0.776257
0.000000 19.531250 30.078125 1.836102 0.767177 0.770204 0.709668 1.020730 0.775792 0.367174 0.696164
0.000000 23.828125 35.156250 15.139813 1.891283 4.117610 1.285691 0.809319 1.740875 0.412809 0.671018
0.000000 25.781250 36.718750 2.361601 6.600283 2.646586 1.891982 0.979053 0.728061 0.747154 0.211876
0.000000 25.000000 37.890625 1.983019 1.731794 8.642906 0.466127 1.419336 0.801170 0.974396 0.551110
0.000000 22.265625 36.718750 2.018176 6.214716 2.199085 1.887558 0.817003 1.863576 0.911765 1.205131
0.000000 18.750000 31.640625 2.316199 4.790025 1.506181 0.459608 0.494765 0.563450 0.484753 0.926899
0.000000 21.875000 36.328125 5.184207 1.635170 3.038673 0.926200 0.302447 0.796514 0.100816 0.106869
0.000000 26.953125 28.906250 49.934257 6.027985 1.967885 1.405133 1.364620 2.680114 0.786036 0.399537
0.000000 23.437500 29.296875 26.995549 18.128194 9.213574 1.729233 1.978595 2.028421 0.662170 0.769971
0.000000 23.828125 25.781250 68.286899 6.027753 0.476837 0.898959 0.891276 0.833301 0.833068 0.868924
0.000000 17.187500 19.921875 35.817735 9.440118 1.723645 1.708046 0.565546 0.334112 0.225147 0.225846
0.000000 16.015625 16.015625 7.998431 5.191891 0.348547 0.634696 0.540633 1.212349 0.276836 0.365078
0.000000 25.781250 15.625000 0.793021 0.700587 0.501517 0.943197 0.686850 1.979992 1.221430 1.088483
0.000000 28.906250 20.703125 2.795598 1.803972 0.715023 1.432607 0.953441 1.010718 0.788365 0.603031
0.000000 36.328125 25.000000 6.368151 0.857515 1.913169 1.378590 1.212116 1.005596 0.301050 0.689412
0.000000 39.062500 29.296875 3.770227 1.205131 1.012115 0.382541 1.321314 1.278007 0.839587 0.483822
0.000000 32.812500 30.078125 5.544163 2.690591 1.455424 0.810483 0.972534 0.905478 0.773231 0.554835
0.000000 34.375000 32.812500 4.871516 0.360655 3.419351 0.824453 1.167879 1.779292 0.657281 0.617933
0.000000 31.250000 27.343750 434.846617 30.199531 7.215654 5.634734 4.437286 4.109228 1.214677 0.844244
0.000000 24.609375 32.812500 71.119284 34.247991 55.839773 1.675216 10.226620 7.529510 1.459150 0.396976
0.000000 22.265625 33.984375 34.655910 8.438015 5.468028 1.751352 2.167420 1.783948 1.446344 1.006993
0.000000 21.875000 31.250000 35.654055 3.007939 1.108972 3.392808 1.402805 2.474058 0.877306 0.170432
0.000000 23.437500 32.812500 0.688713 4.199101 3.784662 0.630971 2.518529 1.410488 0.586966 0.319676
0.000000 18.359375 28.906250 30.529452 8.160248 2.273126 0.963919 0.435160 0.207219 0.190223 0.142492
0.000000 19.921875 30.468750 12.594042 3.835885 7.607741 3.785361 2.890825 3.076158 1.942739 0.646804
0.000000 15.625000 27.343750 24.731737 13.906742 4.993984 1.746463 4.154863 1.809793 1.087086 0.765081
0.000000 16.015625 29.296875 27.305214 1.038658 0.243774 1.171138 0.415836 0.394182 0.172760 0.220491
0.000000 26.171875 32.421875 3.581867 2.315966 3.132038 0.786968 0.486616 2.067303 0.314321 0.536442
0.000000 23.828125 31.640625 6.818213 4.187692 2.016081 2.362067 0.726897 0.763219 0.831205 0.729924
0.000000 23.437500 35.156250 2.617482 4.167901 4.631467 0.651227 1.321780 0.830274 0.807922 0.590691
0.000000 25.000000 36.718750 3.123423 2.092682 2.768589 1.612818 0.901287 1.637032 0.660541 0.621658
0.000000 25.000000 35.156250 9.607989 2.880115 1.839129 1.456356 0.999076 1.958571 0.449829 0.749016
0.000000 23.828125 30.078125 0.407919 4.429603 0.595581 0.847969 0.893371 0.399072 0.767177 0.911765
0.000000 23.437500 26.953125 1.312932 6.912509 2.845190 1.176959 1.129927 0.748551 0.526430 0.628643
0.000000 23.828125 24.609375 8.306932 3.505498 2.230052 1.234235 1.086853 2.169749 0.522472 1.070555
0.000000 23.828125 24.609375 7.767929 1.725508 1.082197 0.993256 0.793254 1.148088 0.479165 0.414671
0.000000 22.265625 30.078125 4.087109 8.063624 5.997019 1.189997 0.474975 0.790460 1.051463 0.469852
0.000000 22.265625 28.906250 90.507325 8.230330 3.230758 0.572763 1.901062 0.767875 0.730390 0.536442
0.000000 19.921875 26.953125 104.293693 10.038493 2.678717 2.926448 1.883367 2.916204 1.063105 0.444241
0.000000 11.718750 24.609375 19.914238 32.655895 4.183501 6.478513 2.159737 1.545297 1.452630 0.607688
0.000000 13.671875 18.750000 8.533709 7.531140 0.465428 1.386506 1.239823 0.694767 0.391621 0.742963
0.000000 14.453125 20.703125 1.250533 5.234266 1.386506 2.498273 1.405599 0.694767 0.804663 0.686850
0.000000 18.359375 21.093750 6.346731 2.141809 0.959262 1.268461 0.813510 2.445420 0.464031 0.231899
0.000000 23.828125 21.093750 1.244713 2.484769 0.693602 0.440748 0.622589 0.647269 1.333887 0.507804
0.000000 25.000000 21.875000 93.261013 8.153496 1.330161 1.021428 0.738306 1.302920 0.852859 0.300817
0.000000 29.296875 19.921875 1.680804 2.715504 1.181383 0.563450 1.951819 1.017703 0.540400 0.920147
0.000000 20.703125 18.359375 1.596753 9.722076 0.389293 2.886634 1.385109 0.658678 0.466593 0.947155
0.000000 19.531250 21.093750 2.397690 3.841240 3.032619 1.528999 2.414221 0.884756 0.714092 1.153443
0.000000 23.437500 22.265625 3.973255 9.527896 1.432374 4.101312 0.965316 4.755799 0.510365 0.393717
0.000000 23.828125 25.000000 0.547385 2.172776 1.520384 0.946922 0.988366 1.316192 0.709202 0.714790
0.000000 30.078125 23.437500 1.261244 4.211906 0.153435 1.143198 0.802800 1.393259 1.312699 0.691740
0.000000 27.343750 23.437500 54.013450 2.976041 1.419103 0.521308 0.182539 0.318047 0.342261 0.254484
0.000000 26.953125 26.953125 5.784677 0.591623 0.224682 1.048902 0.411179 0.477070 0.579515 1.040287
0.000000 27.343750 23.437500 2.529006 3.658934 0.343425 1.056818 0.798143 1.563923 1.103617 0.734348
0.000000 25.000000 27.343750 4.091067 3.083376 0.276137 2.527377 1.034467 0.825617 0.761589 0.413274
0.000000 26.953125 26.171875 5.350215 6.625894 2.896879 2.269866 3.541587 1.147157 0.543194 0.557862
0.000000 24.609375 27.343750 6.290851 2.720859 6.740214 0.986736 2.560206 1.478009 0.400934 0.655884
0.000000 19.531250 27.343750 0.946457 7.602386 1.209090 0.658678 0.952045 0.692206 0.563450 0.394182
0.000000 20.703125 25.781250 1.139939 2.485467 0.332016 1.507578 1.617707 0.862638 0.813976 0.783941
0.000000 23.828125 21.875000 1.363456 4.521338 0.586035 0.440981 0.763917 1.217239 0.407221 0.917353
0.000000 24.609375 14.843750 3.491528 2.188608 0.939472 0.126427 1.285691 0.646338 1.746463 0.444939
0.000000 25.781250 17.187500 38.858736 15.242957 6.675487 0.845408 2.339715 2.206769 0.763685 0.459841
0.000000 23.437500 18.750000 33.750897 13.118610 2.783025 5.302019 0.503380 1.750421 1.132255 0.836328
0.000000 16.796875 18.750000 60.121529 36.183512 4.326459 2.102694 2.430519 1.796521 1.492212 0.632368
0.000000 16.015625 23.437500 3.613066 3.873138 3.133435 1.748558 1.753215 1.449371 0.495929 0.476604
0.000000 18.750000 21.875000 1.382781 3.915280 0.917353 0.676606 0.703381 1.035864 1.210254 0.381609
0.000000 19.921875 23.828125 3.805850 3.672438 0.366941 3.533904 0.599772 0.979751 0.527827 0.572996
0.000000 23.828125 30.078125 57.923608 2.718298 1.878245 1.173466 1.022359 0.700587 0.941101 0.462867
0.000000 22.265625 28.906250 14.147954 5.269190 1.146691 2.469169 2.036104 1.033535 0.882195 0.573462
0.000000 19.531250 31.640625 15.538884 3.722729 3.143214 0.798376 1.931563 0.762055 0.582542 0.385800
0.000000 19.921875 30.468750 3.081514 3.952300 2.654269 1.538312 1.203734 1.210021 0.823289 0.578351
0.000000 17.187500 25.000000 12.153992 11.456432 0.696862 1.700828 0.890577 0.778120 0.408152 0.569271
0.000000 14.843750 28.906250 3.213761 7.668510 7.997500 1.940411 1.633540 1.003966 0.609085 0.471249
0.000000 17.187500 21.875000 3.021210 19.831816 2.249377 1.039589 2.773479 3.727851 1.383014 0.813045
0.000000 18.750000 17.187500 2.590241 2.626097 0.591157 1.175562 3.239606 0.964850 0.519445 0.337837
0.000000 22.265625 21.875000 4.212372 5.145324 1.415145 3.197463 0.987202 1.675216 0.786269 0.934815
0.000000 30.468750 15.625000 2.017478 3.236346 0.393717 1.105480 1.301290 2.144370 0.516186 0.420958
0.000000 30.468750 23.437500 3.797701 3.726920 4.106201 0.221655 0.307802 1.545530 0.367174 0.849599
0.000000 28.906250 28.906250 0.227941 3.348105 2.769521 1.557171 1.372769 1.052395 0.692206 0.373693
0.000000 23.437500 25.781250 3.258465 10.601478 3.260793 0.542263 1.243548 0.654953 0.421656 0.523403
0.000000 11.718750 25.781250 137.306517 27.186004 6.022863 0.625849 1.935288 0.766013 1.106877 0.346452
0.000000 13.671875 17.187500 7.426366 2.978835 0.355067 0.208383 1.092441 0.853790 1.038658 0.800239
0.000000 15.625000 13.671875 1.022127 4.065223 1.162989 0.527361 0.608852 1.427252 0.686152 0.559259
0.000000 22.265625 16.015625 3.668712 3.771158 2.748333 2.350658 1.993496 2.197456 0.642613 0.503613
0.000000 26.953125 19.921875 2.964865 6.377930 2.854271 1.858454 2.264977 0.839820 1.277542 0.617467
0.000000 23.828125 25.781250 5.897135 5.315756 2.879649 0.486616 1.244014 0.962755 0.861473 0.602100
0.000000 21.875000 23.437500 19.435072 12.397068 1.342967 1.079170 0.621425 2.113869 0.632135 0.389060
0.000000 19.531250 22.265625 25.573885 6.490853 3.909227 0.599539 1.366483 1.110137 0.671251 0.590691
0.000000 21.875000 23.437500 0.599073 3.884779 3.115973 0.945292 1.289649 1.609325 0.823522 0.582309
0.000000 24.609375 23.437500 1.803506 5.152542 3.327150 1.217937 3.676629 2.324348 0.833999 1.906184
0.000000 21.093750 24.609375 1.205131 9.722309 1.873355 0.967877 1.717359 0.667991 0.525266 0.651460
0.000000 18.359375 22.265625 23.319153 27.702656 9.380048 1.670094 1.634937 1.566485 0.613742 0.396511
0.000000 10.546875 15.625000 304.402318 36.428217 2.860790 1.695938 3.348803 1.133885 1.781387 0.970904
0.000000 2.734375 13.671875 205.340330 54.600183 13.351673 2.133427 2.421672 1.637731 0.962056 0.749482
0.000000 5.078125 13.281250 15.235040 3.813067 0.446104 0.335276 0.244938 0.459841 0.108965 0.204891
0.000000 6.250000 11.718750 34.866156 11.789380 2.512475 1.360662 1.147622 0.918750 0.593252 1.030974
0.000000 6.250000 10.546875 22.835797 44.337474 2.203975 1.834240 0.905246 1.315726 0.769505 0.927830
0.000000 11.718750 8.984375 1.166482 4.873844 0.283355 0.891276 1.217006 0.672415 1.087086 1.634937
0.000000 14.843750 14.843750 23.619505 2.585817 0.840984 2.733665 1.335982 1.404434 0.719912 1.396984
0.000000 18.359375 18.359375 3.163703 6.151386 3.040768 3.319466 2.684770 1.626788 1.872191 0.850530
0.000000 23.828125 24.609375 52.189454 5.026348 3.055902 0.804896 2.329005 1.523644 1.007225 0.392320
0.000000 19.921875 24.609375 372.187467 102.570746 8.533942 7.759081 1.666136 4.049623 1.839129 1.306413
0.000000 16.796875 19.531250 224.893214 81.190607 1.941109 19.607833 8.522067 11.287630 5.307840 4.484085
0.000000 13.671875 19.921875 10.784948 5.121110 1.955777 2.677785 0.850530 0.422355 0.456581 0.247732
0.000000 11.718750 20.703125 11.187745 7.579802 2.721790 3.922032 1.874054 1.747394 0.599073 0.759261
0.000000 17.187500 25.781250 53.506810 2.942747 1.591863 2.088724 3.603753 0.900123 0.382308 0.243075
0.000000 16.796875 30.078125 16.950537 13.767043 2.934830 5.683396 1.839595 1.816312 0.318047 0.217929
0.000000 23.437500 27.343750 2.925750 5.674316 2.407702 2.308981 1.580920 2.487795 0.486383 0.656582
0.000000 27.343750 22.265625 4.932983 2.191169 0.610948 0.280095 2.164161 1.211651 0.470551 0.477303
0.000000 25.000000 17.187500 67.181885 29.151328 3.908295 1.092907 1.723412 2.711313 1.143664 0.363449
0.000000 26.953125 14.843750 4.415633 6.652204 1.272652 1.089415 0.386499 1.246808 0.777887 0.323169
0.000000 23.828125 14.453125 13.492303 9.067124 1.392327 3.810972 2.081273 1.552049 0.498258 0.233529
0.000000 18.750000 19.531250 12.239674 4.428905 1.824461 2.096640 1.935987 0.767410 0.681262 0.721542
0.000000 21.093750 19.921875 11.026394 10.221498 1.590932 0.561588 0.708736 2.014916 0.627944 0.453554
0.000000 20.703125 21.875000 1.400011 5.679438 2.085697 1.471257 1.332723 1.145527 0.603730 0.242144
0.000000 16.015625 21.093750 456.308015 54.917764 8.538133 10.629650 5.140202 2.249377 0.938307 0.879867
0.000000 13.671875 16.015625 48.390124 27.519651 4.609581 2.260087 6.327173 1.493143 0.846572 0.418629
0.000000 11.328125 19.921875 2.395827 6.065005 2.270564 1.261709 0.719214 1.004199 0.498258 0.554137
0.000000 10.546875 21.093750 14.187768 7.730210 2.290355 3.471505 2.266606 1.357868 0.862172 0.650529
0.000000 17.187500 23.437500 4.851259 4.120404 3.768131 0.437722 2.524117 1.759734 0.403496 0.428874
0.000000 23.437500 30.078125 3.953930 3.335299 3.249384 1.887325 0.496628 1.434935 0.536907 0.298023
0.000000 21.875000 26.171875 117.674004 19.602710 3.387686 1.024688 1.707114 1.729000 0.864500 0.407686
0.000000 19.921875 24.609375 7.784460 12.004981 4.237052 1.637731 2.705259 1.020962 1.222128 0.280095
0.000000 16.015625 30.468750 1.030508 2.674526 12.115575 2.710382 2.420740 1.470558 0.781380 0.135973
0.000000 14.453125 29.296875 5.814247 5.949289 6.080605 0.661472 3.439374 1.100590 0.316184 0.314787
0.000000 18.359375 32.421875 2.529239 2.745073 0.539934 2.002576 0.783708 1.368113 0.938540 0.688015
0.000000 18.750000 36.328125 1.926441 3.341353 3.376510 1.395820 1.801644 0.537373 0.630505 0.630971
0.000000 19.921875 31.640625 2.851710 4.428206 4.907371 1.271255 1.459615 1.169974 0.959961 0.442378
0.000000 24.609375 29.296875 3.304100 3.431691 1.526671 0.669388 0.879169 1.669163 0.461238 0.964152
0.000000 19.531250 32.421875 3.636815 6.179092 7.595401 0.724802 0.822591 0.918750 0.759959 0.492437
0.000000 21.093750 30.078125 14.898367 5.424023 2.150191 0.987435 0.304542 0.919215 0.727363 0.589993
0.000000 21.093750 25.781250 119.165285 11.502532 2.431450 2.098037 0.753440 1.573935 1.056818 0.772532
0.000000 18.359375 25.000000 17.467188 5.150214 0.780914 1.665670 1.165550 1.098728 0.930158 0.516418
0.000000 21.093750 22.265625 35.168137 3.660098 2.289191 0.798376 0.713859 1.183013 0.296859 0.042608
0.000000 20.703125 18.750000 26.906142 25.044894 4.492002 1.366949 4.821457 3.062654 0.927132 0.474742
0.000000 15.625000 16.015625 37.718099 9.664567 1.316424 0.765547 0.634929 0.247266 0.332016 0.179512
0.000000 16.015625 16.015625 6.251736 4.748581 1.290347 1.117587 1.495704 1.318753 1.081266 0.638422
0.000000 14.843750 13.281250 17.568935 11.848286 3.208872 0.815373 2.365792 2.143672 0.435393 1.193956
0.000000 10.156250 11.718750 65.662665 50.192699 4.131813 2.936926 1.203967 1.521548 0.386965 0.886153
0.000000 15.625000 15.625000 28.426060 10.625226 1.995824 3.665220 1.222827 1.445180 1.383945 0.624685
0.000000 14.843750 18.750000 5.551381 5.818438 5.436828 3.074529 2.618181 2.431916 0.480795 0.517350
0.000000 11.718750 20.703125 130.071072 16.387319 4.395610 3.708992 2.738787 1.328764 0.789994 0.445172
0.000000 20.703125 21.875000 3.769528 6.949063 1.922250 0.399072 3.681052 2.288725 0.467291 0.448199
0.000000 22.265625 26.953125 13.865065 2.988614 3.927387 3.926456 1.067994 1.639593 0.842614 0.426313
0.000000 18.750000 23.828125 76.183351 21.210872 3.149733 4.653120 2.392335 1.559267 0.360887 0.378815
0.000000 19.921875 23.437500 23.276545 14.350982 4.071044 2.787448 1.100823 1.901528 0.722706 0.645174
0.000000 24.609375 25.000000 2.548331 1.576496 0.738306 0.616768 0.870088 2.728077 0.725966 0.771135
0.000000 23.828125 16.015625 96.717617 20.800391 1.348322 2.651941 2.606539 2.842862 0.951113 0.664033
0.000000 28.906250 16.015625 34.210738 7.621013 0.978587 2.401415 1.389068 2.254033 0.624219 0.456581
0.000000 31.250000 14.843750 40.541170 9.052455 3.247755 0.815606 2.284767 2.249144 0.660308 0.303145
0.000000 27.343750 19.921875 8.838018 1.341337 3.684545 1.180684 1.631211 2.461951 0.571366 0.809086
0.000000 29.296875 25.000000 4.124595 3.432389 2.868706 1.411652 2.930174 1.224689 0.495464 0.671251
0.000000 26.171875 28.906250 2.977438 5.049165 2.849614 2.657296 0.494765 1.277076 0.511529 0.510365
0.000000 26.171875 25.000000 3.074063 6.068265 0.462169 1.003034 3.820984 1.294306 0.839354 0.452623
0.000000 21.875000 22.265625 14.094403 3.511785 2.311310 0.410713 1.639826 0.677537 0.767177 0.746921
0.000000 25.781250 15.625000 1.129461 3.977912 0.160420 0.464031 0.414439 1.814216 0.714092 0.508269
0.000000 29.296875 15.625000 2.993038 3.031688 3.103632 1.342734 0.870088 2.050772 0.495464 0.503846
0.000000 30.078125 23.437500 3.091525 3.261259 5.224254 1.746463 1.995824 1.969514 0.441680 0.579283
0.000000 30.078125 29.296875 4.077330 2.863118 10.669697 0.819797 1.488253 1.517357 0.485685 0.407919
0.000000 24.609375 39.062500 6.563263 3.905036 13.090670 2.753921 2.518529 2.110144 0.888482 1.260778
0.000000 20.703125 35.156250 1.221197 7.195864 0.874978 0.814674 2.858229 0.885455 0.644010 0.533648
0.000000 18.750000 34.375000 1.621200 3.335299 3.902474 0.613509 1.030276 1.037493 0.493601 0.605360
0.000000 23.437500 26.953125 7.023104 5.975831 3.675697 0.939006 4.410744 3.148569 0.917353 0.708969
0.000000 22.265625 21.093750 65.682456 3.059162 1.162756 2.173707 3.350666 0.590924 0.642845 0.283122
0.000000 25.000000 30.078125 16.185222 1.953216 7.118331 1.067296 2.262881 2.237037 1.203269 0.729924
0.000000 25.781250 29.296875 9.939307 4.114816 3.986293 1.422828 1.651235 1.389300 0.349479 0.622589
0.000000 27.343750 25.781250 3.331341 3.005145 0.550644 0.625150 1.822831 1.851004 0.598375 0.314787
0.000000 35.156250 25.000000 6.872462 0.798376 0.560656 0.566710 0.770437 1.328532 0.403728 0.698492
0.000000 31.250000 19.921875 8.635223 12.992416 4.965812 0.324100 0.843080 1.554843 0.325730 0.454951
0.000000 29.296875 23.437500 6.222399 3.757188 6.893883 3.156485 1.006527 1.049368 0.853091 0.703149
0.000000 24.609375 30.078125 59.176469 7.641735 6.052200 1.387671 0.739936 2.316199 1.042616 0.885455
0.000000 16.796875 28.906250 13.942830 14.476944 2.029119 2.743443 1.074513 1.434702 0.304542 0.652857
0.000000 11.328125 25.781250 19.256026 18.416671 3.441237 0.190921 1.718290 0.445172 1.040753 0.592321
0.000000 10.546875 14.453125 56.215562 22.206921 0.537839 1.703622 2.509914 1.366949 1.028879 0.517583
0.000000 11.718750 15.625000 3.724126 3.450317 6.072223 0.771368 1.139939 2.313172 0.271481 0.608619
0.000000 18.359375 17.187500 3.316440 3.755325 2.285698 1.261942 0.296859 2.675690 1.407228 0.487547
0.000000 23.437500 26.953125 2.149493 1.608627 2.254499 2.364628 0.322470 0.646105 1.039822 1.286855
0.000000 26.171875 33.984375 1.173932 3.161374 1.525041 0.662403 1.079636 0.686385 0.551343 0.279862
0.000000 26.953125 30.468750 8.445000 1.895241 0.604196 1.359498 1.508975 1.277775 0.562752 0.598840
0.000000 22.265625 28.906250 77.741919 4.652655 0.182772 1.577195 0.965083 0.576023 0.238186 0.682892
0.000000 19.531250 25.000000 23.232773 11.849217 11.734664 4.491303 6.641960 1.157634 0.397908 0.366708
0.000000 21.875000 19.921875 4.399568 5.450565 0.718748 0.457279 0.846805 1.575332 0.575557 0.774860
0.000000 20.703125 20.703125 10.668067 5.608192 1.945766 2.852175 1.922948 2.270099 0.585802 0.682194
0.000000 21.093750 19.531250 1.216307 4.769769 0.856118 0.772765 1.401873 0.705710 0.522239 0.383938
0.000000 25.000000 18.359375 5.082460 6.469199 3.098743 1.593027 0.692671 1.076842 0.833999 0.592554
0.000000 25.000000 23.437500 5.595852 2.859626 1.031440 1.337612 0.358326 1.387205 0.420958 0.457279
0.000000 25.781250 18.359375 8.519273 5.150214 0.304077 0.951113 0.904780 1.743203 0.525499 0.869157
0.000000 26.171875 21.875000 5.663140 4.675006 2.476620 1.339242 1.661712 1.148088 0.783475 0.745058
0.000000 33.984375 18.750000 7.205876 4.328089 1.116889 1.638895 1.082197 5.288050 0.387430 0.328058
0.000000 32.421875 18.750000 10.479940 5.650101 1.183944 3.450550 0.707805 1.902226 0.278000 1.033070
0.000000 29.296875 20.703125 5.883630 6.307848 0.509433 1.308741 1.205364 0.837492 1.199311 0.250060
0.000000 28.906250 20.703125 8.636154 7.138820 5.119015 0.397442 0.963453 1.518987 0.825617 0.923406
0.000000 19.921875 25.781250 7.135794 5.315524 2.504094 3.679190 0.549713 0.864267 0.414206 0.743195
0.000000 21.875000 22.265625 2.143206 4.293863 0.092434 2.288725 1.424691 2.223067 0.628410 0.631670
0.000000 19.921875 25.000000 8.140923 3.900845 1.755077 1.255888 1.932727 0.436092 0.451924 0.411645
0.000000 19.921875 24.609375 5.272217 8.191681 3.044261 1.477543 1.699664 1.401175 1.123641 0.254251
0.000000 25.781250 24.609375 3.148336 2.278481 3.537629 2.015848 0.797445 2.992805 1.348788 0.701984
0.000000 26.171875 25.781250 5.224254 2.249610 0.548549 1.052162 0.946689 1.683366 0.442844 0.940636
0.000000 32.421875 22.265625 0.576489 4.319707 1.337379 0.717584 2.977205 1.912238 0.655185 0.444707
0.000000 31.250000 20.703125 9.228475 16.687438 2.297107 1.526903 0.933651 1.449836 0.388827 0.426313
0.000000 30.078125 14.843750 30.155759 7.678987 0.527129 2.807705 1.918990 2.833549 0.603031 0.269618
0.000000 28.906250 16.015625 9.430805 3.474532 1.227483 1.204433 0.811648 1.604436 0.496628 0.337139
0.000000 22.265625 13.281250 6.686896 15.028287 0.504078 1.432607 1.288485 1.133420 1.508044 0.572298
0.000000 26.953125 11.328125 21.803891 4.573492 0.845175 0.702683 3.742520 1.607230 1.674984 0.434928
0.000000 21.093750 11.328125 94.970455 14.140503 3.976515 0.574859 1.470326 0.841450 0.253087 0.174623
0.000000 16.796875 10.546875 14.114426 8.960720 2.388610 0.969274 1.299195 0.842847 0.461470 0.449596
0.000000 16.015625 18.359375 9.796582 11.316733 5.520182 4.664296 2.439599 1.379522 0.763219 0.410015
0.000000 10.156250 15.625000 8.967472 21.572690 1.876615 0.237487 0.843313 1.154142 0.330154 0.572763
0.000000 17.187500 18.359375 9.283656 1.885928 0.713626 1.563691 0.926666 1.597451 0.565313 0.223517
0.000000 21.875000 20.703125 4.376285 4.275702 3.407476 2.375571 1.775334 2.610497 1.517357 0.553671
0.000000 26.953125 19.531250 0.987202 5.062204 1.616077 1.787208 1.059612 2.010958 0.381609 0.490109
0.000000 30.078125 24.609375 7.289462 4.804926 0.990927 1.156004 0.815140 0.754371 0.689412 1.156935
0.000000 26.953125 26.171875 1.901528 1.871493 2.749963 0.909902 1.965091 0.988133 0.892906 0.433298
0.000000 21.093750 21.093750 11.648051 4.142057 0.407919 0.454718 0.877306 0.209082 0.121538 0.241911
0.000000 14.453125 22.265625 12.118835 8.216361 1.583016 3.680820 1.286389 0.576954 0.260305 0.112457
0.000000 17.187500 21.093750 7.996103 7.746508 1.900597 2.870569 5.306210 2.896879 0.827946 0.599772
0.000000 11.328125 17.187500 10.029646 14.142832 3.122725 1.751352 3.807247 0.796979 1.073582 0.444474
0.000000 10.156250 19.921875 33.677556 31.600706 7.698312 2.891989 0.989763 1.231441 1.091277 0.461703
0.000000 8.984375 16.015625 384.858111 62.617706 7.498311 9.631040 4.425878 2.107816 2.507819 2.661021
0.000000 9.375000 16.015625 1.677079 7.533468 2.258224 1.264038 1.825858 3.088964 0.960194 0.704313
0.000000 15.625000 19.531250 6.009825 5.285488 2.224464 3.523426 1.912471 2.434477 0.891741 0.501284
0.000000 25.781250 23.828125 5.330425 0.690576 1.126435 2.671964 0.825617 2.178596 1.437031 0.800937
0.000000 31.640625 26.171875 2.598856 4.549744 2.353452 1.213746 2.563698 1.163222 0.811648 0.632368
0.000000 26.953125 29.296875 2.266141 6.248243 0.585802 3.911555 1.350883 0.830274 0.452623 0.431202
0.000000 31.250000 29.296875 2.701534 0.564614 0.972766 0.781612 1.087552 1.630280 0.666128 0.464963
0.000000 31.250000 24.609375 9.332085 2.844492 1.807697 0.589760 1.281267 2.614222 1.571607 0.183471
0.000000 24.609375 21.875000 9.024749 25.115674 4.714122 1.750654 2.098037 0.796281 0.128755 0.067987
0.000000 26.171875 22.265625 15.225261 3.871508 1.604203 3.931113 3.900379 1.159264 0.821427 0.433996
0.000000 20.703125 28.906250 7.106923 0.787899 0.142725 7.026130 1.116889 1.224456 0.622356 0.442844
0.000000 15.625000 31.250000 6.423099 7.080613 5.361391 0.554835 1.084758 1.343433 0.653090 0.542263
0.000000 25.000000 36.718750 6.366521 1.747860 4.005386 2.700835 1.940178 3.241003 1.194654 0.870321
0.000000 27.343750 37.500000 8.871546 4.840083 5.826354 1.094537 2.229586 2.955552 2.973946 2.182322
0.000000 33.984375 31.640625 7.420545 0.918051 1.605134 1.006993 1.030508 2.738088 0.795349 0.420725
0.000000 34.375000 27.343750 8.426839 5.839625 1.613982 0.372529 0.500586 0.916654 0.480097 0.341563
0.000000 31.250000 27.343750 9.236857 2.164859 0.707805 4.354399 2.056127 1.233304 0.535045 0.350643
0.000000 35.156250 23.828125 1.380919 1.812354 1.015142 0.636326 1.300359 2.573244 0.769040 0.355532
0.000000 33.984375 23.437500 5.781883 2.817251 2.397457 0.837259 0.581145 3.503170 0.801869 0.585336
0.000000 36.718750 25.000000 27.561793 7.631024 3.178604 1.682201 0.386965 3.550434 0.966014 0.280328
0.000000 37.890625 24.609375 7.175375 4.351372 5.682232 0.898493 1.133652 2.603047 0.300817 0.441680
0.000000 35.156250 25.000000 8.543720 2.217479 1.224456 0.743195 2.247980 1.102220 0.562984 0.461470
0.000000 31.250000 27.343750 8.290168 3.121095 3.058231 0.943197 0.898959 1.535518 0.878470 0.345754
0.000000 30.078125 26.953125 5.908310 2.120622 1.094537 0.393717 1.157401 0.749249 0.911765 0.939937
0.000000 32.812500 26.171875 5.443813 0.995817 1.444016 0.616536 0.700122 1.601176 0.641216 0.264496
0.000000 31.640625 32.812500 2.054032 0.817701 3.239838 1.828419 0.711065 1.073815 0.791624 0.744825
0.000000 35.156250 32.421875 6.979331 1.370208 2.636807 0.617001 1.278939 2.569752 0.646105 0.381842
0.000000 35.156250 31.640625 4.790025 4.684320 0.756001 1.562294 1.491746 1.241686 1.396751 1.298729
0.000000 32.812500 31.640625 9.078067 1.938781 2.562534 0.613974 1.159962 1.711072 0.624452 0.534812
0.000000 34.375000 26.953125 3.282679 3.009802 1.409091 2.627494 2.028421 1.810025 0.843545 0.923872
0.000000 30.078125 23.828125 1.627486 4.123896 1.347624 0.578118 1.527602 0.916189 0.789063 0.283821
0.000000 30.078125 30.468750 4.191650 1.588603 2.053101 2.031447 0.716187 0.850065 1.158798 0.600005
0.000000 26.171875 30.468750 3.463589 3.948342 2.317829 1.639593 1.094537 1.101755 1.063570 0.757631
0.000000 25.781250 30.078125 2.236804 4.310859 1.909211 3.202818 3.180932 2.156012 0.631437 0.311760
0.000000 20.703125 37.500000 9.337207 2.974644 8.658972 1.855427 1.983019 0.511762 0.703614 0.369502
0.000000 21.875000 35.156250 0.388594 4.427042 4.496193 2.135290 2.769288 2.759043 0.799773 0.643078
0.000000 24.609375 32.812500 2.354849 2.651475 2.026325 0.483356 1.047738 1.211651 0.528758 0.410480
0.000000 19.921875 31.640625 1.946464 6.201211 2.431218 0.959495 2.718996 0.727130 1.348555 0.798842
0.000000 23.828125 26.953125 1.746463 3.892463 1.565786 2.848916 2.330635 0.815373 0.623520 0.674278
0.000000 25.781250 28.906250 4.577683 0.774395 0.891741 1.952285 0.579283 1.675915 1.105713 0.668690
0.000000 25.781250 27.343750 5.784677 2.382789 1.678709 1.125736 2.603279 1.256121 0.284519 1.162756
0.000000 21.093750 23.828125 9.985408 14.226185 0.652857 1.576031 2.027256 0.360655 0.453554 0.552274
0.000000 19.531250 21.875000 4.965113 4.580710 2.066139 0.733882 1.370907 0.440050 0.914093 0.378117
0.000000 15.625000 21.093750 3.367662 5.279668 7.314142 0.311760 1.394190 1.930399 1.349952 0.317348
0.000000 9.375000 26.953125 4.487112 2.967427 6.758142 1.592096 1.296867 0.527361 0.829110 0.921544
0.000000 23.437500 27.343750 10.622665 1.298962 0.284519 0.501284 1.720618 2.066139 0.848435 0.383705
0.000000 21.875000 25.000000 17.356593 22.484688 3.519701 2.460089 1.950655 1.064269 1.145760 0.784639
0.000000 22.265625 25.781250 3.372785 2.979534 2.931338 2.824003 1.157634 1.748092 0.781612 0.664964
0.000000 21.875000 20.703125 44.465298 15.415251 4.761619 3.006076 1.104316 0.994187 0.909902 0.718748
0.000000 14.843750 24.609375 6.561168 6.802846 2.312008 1.932727 1.777662 1.485227 0.407919 0.458676
0.000000 13.671875 21.875000 15.521655 8.995878 0.508735 0.767177 1.223059 0.247499 0.130385 0.208849
0.000000 17.187500 16.796875 2.149493 2.420275 0.944827 0.538537 1.107343 2.051005 1.219101 0.857981
0.000000 23.437500 18.359375 0.552507 2.457527 1.504086 2.219342 1.830282 1.501059 0.815140 0.701286
0.000000 23.437500 21.875000 67.328336 1.784181 4.906440 0.610715 2.764631 1.023524 1.537614 0.397908
0.000000 27.343750 29.296875 6.867573 10.787742 8.419855 2.743676 2.091285 1.866138 0.830740 0.530621
0.000000 22.265625 35.156250 9.907410 2.948567 5.621230 0.179512 1.261244 1.085689 0.524800 0.704313
0.000000 16.796875 34.375000 3.464287 4.653586 1.868233 1.385109 0.977190 0.404892 0.793021 0.525499
0.000000 19.921875 32.421875 0.896631 3.154855 0.584871 3.355090 1.151580 2.312008 0.634696 0.446802
0.000000 22.265625 28.906250 0.827946 4.681060 1.024455 0.844244 0.463333 1.115957 0.551343 0.463333
0.000000 24.609375 22.265625 4.065223 3.710622 0.220025 1.137145 0.945525 1.039589 0.496861 0.535976
0.000000 23.828125 16.796875 26.445603 7.937895 0.770437 0.635162 0.687316 0.401633 0.154600 0.082189
0.000000 19.921875 16.015625 33.951830 4.532514 2.304558 2.026325 2.087792 1.047971 0.478467 0.705477
0.000000 23.828125 18.359375 7.598894 5.162321 2.155313 1.798617 0.437954 3.837748 0.515487 0.354601
0.000000 23.437500 24.609375 4.321570 1.258915 3.052643 1.010252 1.435168 1.034932 0.895234 0.723172
0.000000 30.078125 29.296875 3.878027 6.115297 3.978377 0.399770 1.071719 3.028428 0.685919 1.236098
0.000000 28.906250 32.812500 4.409580 5.665468 7.197261 3.635418 1.134351 1.167180 1.130858 0.720611
0.000000 26.171875 33.984375 2.879417 2.742512 0.265893 3.353925 1.868466 1.899432 0.785571 0.859844
0.000000 23.828125 32.812500 0.880100 4.196074 3.847294 2.827961 2.363464 0.875443 1.139939 0.242377
0.000000 23.437500 35.156250 2.772780 2.999092 1.675449 1.902459 0.732718 1.596753 1.010019 0.889180
0.000000 27.343750 30.078125 7.904368 7.710885 3.855908 0.741566 1.024455 3.054738 0.664266 1.292443
0.000000 27.343750 24.609375 4.671980 4.110159 0.730855 0.826782 2.962537 1.479872 1.058215 1.156237
0.000000 33.984375 25.000000 8.953502 0.980217 2.730172 0.831438 0.617700 1.825858 0.800705 0.801170
0.000000 30.468750 23.828125 1.990935 3.209570 3.229594 0.362052 3.257301 0.773231 0.720844 0.693370
0.000000 29.296875 19.921875 11.450844 21.338230 0.452390 4.492933 5.115755 4.187925 1.195585 0.578817
0.000000 24.609375 21.875000 18.616905 6.533228 1.058448 1.616077 1.109671 0.732718 2.271263 0.713859
0.000000 16.796875 20.703125 32.606767 43.516280 28.591370 5.715061 1.716195 3.941823 1.953449 0.271946
0.000000 11.328125 23.437500 4.997943 9.438489 6.990042 2.631685 1.135049 0.388129 1.913635 0.514556
0.000000 4.296875 29.296875 99.358847 21.917745 11.793803 1.717824 2.096407 0.789994 1.516426 0.957167
0.000000 2.734375 25.000000 76.301163 31.561125 3.291294 1.565088 3.375812 1.672423 0.612577 0.528526
0.000000 0.390625 22.265625 204.226933 20.567561 7.592142 1.483364 1.423759 1.055188 0.382541 0.721542
0.000000 3.906250 19.531250 2.049841 13.343990 6.177230 1.064735 2.195360 0.895234 0.943197 0.495231
0.000000 10.156250 20.703125 3.736932 4.777452 3.070105 1.609558 0.850996 1.249602 0.896165 0.219326
0.000000 13.281250 25.000000 11.046883 3.603287 1.252163 0.624685 0.346219 0.558095 0.211876 0.309199
0.000000 19.531250 28.906250 4.160218 3.667548 3.422610 2.574408 1.203036 1.956709 0.639353 0.560423
0.000000 24.609375 32.812500 4.339730 2.052402 3.904104 2.346002 0.629341 1.746695 0.994653 0.753906
0.000000 22.265625 25.781250 1.555774 17.506303 1.775566 0.695698 3.822614 1.335517 0.785105 0.826316
0.000000 22.265625 29.296875 11.289725 3.466150 1.194188 3.101770 1.270557 0.841217 0.779284 0.584638
0.000000 18.359375 29.296875 20.903768 8.828472 5.515525 3.908528 1.048436 1.272652 0.762753 0.375323
0.000000 16.015625 25.781250 8.120202 1.631211 1.351349 0.151573 0.371831 0.342028 0.127824 0.052853
0.000000 14.453125 30.468750 2.102926 21.874206 1.310837 6.372342 2.254965 1.249835 1.036096 0.546221
0.000000 16.015625 31.640625 10.364223 1.679175 2.513640 2.262648 0.728527 1.244247 0.754138 0.462867
0.000000 17.187500 31.640625 11.625933 10.357704 7.687835 2.931105 1.527835 1.859153 0.637490 0.389060
0.000000 16.015625 29.296875 5.247770 8.201692 2.525980 1.589302 2.403278 0.834698 1.465203 2.362300
0.000000 19.921875 32.421875 1.007458 4.552770 1.530396 2.367655 1.067529 1.007225 0.488479 1.995126
0.000000 17.187500 31.250000 34.797704 1.052627 1.028180 0.790693 0.481494 0.243308 0.085216 0.222819
0.000000 17.187500 35.546875 1.697801 1.001172 11.707190 0.701519 0.997912 1.424691 0.787200 0.696164
0.000000 20.703125 37.890625 62.957173 5.019130 6.645219 1.230743 0.816304 2.360670 0.865199 0.487082
0.000000 19.531250 34.375000 22.746855 25.679125 9.162817 1.860550 2.596062 3.115973 0.638654 0.390457
0.000000 25.000000 26.953125 21.023909 3.293622 1.028180 0.607921 1.727603 2.487563 0.172993 0.350177
0.000000 28.906250 18.750000 52.016461 7.913681 1.413980 3.415626 1.110835 2.749497 0.418164 0.630505
0.000000 26.171875 20.703125 54.298202 4.331348 4.325062 7.190043 0.826782 1.824694 0.603497 0.752509
0.000000 27.343750 21.875000 16.676728 6.622402 2.591871 1.450069 1.306180 1.332955 0.884756 0.372296
0.000000 23.828125 25.000000 2.038898 3.498746 1.116423 2.077315 1.734588 1.217239 0.632834 0.444474
0.000000 19.531250 30.468750 5.431473 3.776979 12.394274 0.777887 2.848217 0.938773 1.306180 0.417000
0.000000 13.281250 19.921875 118.619995 49.430178 2.868939 2.487097 1.165317 0.995118 1.124805 0.940170
0.000000 9.375000 21.093750 5.192822 7.307855 4.664296 0.730390 0.772998 0.671484 0.575790 0.529457
0.000000 10.156250 22.265625 2.820045 3.858004 4.072441 0.639819 1.015840 1.756009 1.134584 0.323169
0.000000 10.156250 16.015625 15.861122 23.090281 3.992813 3.677327 1.800014 1.887325 1.403037 0.547618
0.000000 14.453125 16.015625 39.725564 13.250625 0.823289 0.804663 0.372762 0.813976 0.350876 0.207685
0.000000 16.796875 11.328125 3.678026 10.056421 0.896165 1.476845 0.811415 1.389766 2.156477 0.531785
0.000000 14.453125 10.546875 0.803033 3.458234 1.855427 1.405831 1.653796 0.832137 1.860084 0.807224
0.000000 18.359375 14.453125 2.659624 2.758112 2.873829 0.703614 1.617242 1.032371 0.450527 0.462402
0.000000 25.781250 21.875000 2.110843 1.714798 2.203975 1.986278 0.446802 2.703862 0.787200 0.585103
0.000000 25.781250 23.828125 1.861714 2.259621 0.385800 1.268927 1.875684 0.468688 0.461238 0.247266
0.000000 23.828125 24.609375 10.914868 8.563511 2.801185 4.340895 2.247281 0.913395 0.623055 0.602100
0.000000 25.000000 25.000000 2.487795 2.602115 2.546236 1.505250 0.631204 1.568580 0.547618 0.670552
0.000000 17.187500 20.703125 9.871321 21.118904 3.967201 2.388377 0.772299 1.505949 0.312459 0.416767
0.000000 19.531250 21.093750 19.744271 11.163997 2.149725 4.172325 1.673819 3.196998 0.975095 0.470784
0.000000 16.796875 25.781250 6.928807 1.805136 5.350448 0.032131 0.353670 0.237487 0.416767 0.131782
0.000000 16.796875 25.000000 65.141125 2.638437 2.254732 1.775799 2.083601 1.575798 0.635860 0.422588
0.000000 19.531250 30.078125 2.926914 5.108304 6.097136 1.220033 0.795117 1.286855 0.381609 0.574626
0.000000 18.359375 30.468750 1.402805 5.607493 3.176276 0.077067 0.656815 1.190463 1.518987 0.640983
0.000000 23.437500 30.078125 0.803499 2.207002 9.084353 2.637738 1.794891 1.884764 0.760658 0.487780
0.000000 21.875000 31.640625 0.557164 1.803972 3.065681 0.444008 0.540167 1.023524 1.053559 0.463333
0.000000 25.781250 30.078125 3.504101 3.730645 3.096880 0.664266 0.576489 1.810491 1.206994 1.576729
0.000000 29.296875 29.296875 2.180692 2.249377 1.196284 0.422820 0.790926 1.457520 0.414439 0.530854
0.000000 35.156250 22.265625 6.818445 1.198612 0.346685 0.770204 0.706175 1.340406 1.826091 0.332948
0.000000 35.546875 19.921875 2.144137 3.727619 2.269400 0.742031 0.918284 1.746928 0.399770 0.578351
0.000000 35.546875 19.921875 1.929235 3.568130 2.988614 1.232373 0.630040 1.837732 0.449130 0.325963
0.000000 35.156250 19.921875 6.682938 1.531094 1.150183 0.750646 2.980465 1.119683 1.568114 0.419328
0.000000 34.375000 21.875000 1.166249 1.830049 1.817243 1.104316 1.669396 2.189539 0.869622 0.459841
0.000000 34.375000 24.609375 5.157199 1.726206 2.217013 1.190463 0.594417 1.115957 0.795349 0.299420
0.000000 32.812500 23.828125 19.470695 4.962087 2.543442 2.131332 1.141569 1.627952 0.538770 0.557862
0.000000 36.718750 20.703125 1.228880 2.835877 0.608154 1.029111 2.775341 4.523201 0.623055 0.754371
0.000000 32.421875 18.750000 3.053807 3.858004 0.966713 1.596985 2.420275 0.893604 1.011183 0.383705
0.000000 32.421875 19.921875 1.399079 1.341803 4.232395 1.513632 1.119450 1.690583 0.866130 0.677304
0.000000 35.156250 18.359375 0.109896 3.258465 1.394656 0.447733 1.765788 1.562061 1.069158 0.417931
0.000000 35.156250 20.703125 1.979992 1.033302 1.229579 0.362750 0.839122 3.160210 1.132721 0.618631
0.000000 39.062500 21.875000 1.151115 1.513632 0.722706 1.255190 1.431908 1.492677 1.389999 0.371132
0.000000 39.062500 13.671875 13.736542 3.699213 0.227243 1.392560 1.581851 5.374895 1.002103 0.781380
0.000000 39.062500 15.625000 44.246204 5.966285 3.373250 0.991160 1.451699 1.453562 1.371372 0.544125
0.000000 32.421875 16.015625 29.042829 2.400018 0.393251 1.190230 1.006527 0.653556 0.168802 0.298489
0.000000 30.078125 18.750000 37.657795 2.695015 4.718779 1.671026 1.939479 1.574168 1.047971 1.254026
0.000000 19.921875 18.750000 5.892711 3.200723 0.442844 0.201631 0.722241 0.248896 0.137603 0.176020
0.000000 23.828125 13.671875 10.921154 4.504109 0.591390 0.641216 2.822839 2.483837 0.765780 0.715023
0.000000 24.609375 11.328125 5.777692 3.302936 0.571366 0.639586 1.607696 0.877772 0.498723 0.507804
0.000000 25.000000 6.640625 3.297580 2.990011 1.132488 0.583706 1.543900 0.966946 0.785338 0.657281
0.000000 30.468750 13.671875 1.195353 4.455913 3.682449 3.241701 0.456115 2.889894 1.216773 1.086388
0.000000 25.781250 14.843750 5.081762 5.449168 1.196750 0.213040 1.112930 0.806758 1.318753 0.926666
0.000000 20.703125 18.750000 7.322989 13.692304 4.550908 4.676636 1.332723 0.980916 0.555767 1.174165
0.000000 20.703125 22.265625 10.614051 2.859626 3.913883 0.691041 0.864966 1.460314 0.379281 0.215601
0.000000 14.843750 18.750000 3.971392 13.549114 2.422370 2.552988 1.003966 0.954140 0.723405 0.527827
0.000000 10.546875 18.359375 81.894686 7.687137 0.744592 0.786968 0.596046 0.312924 0.247033 0.096625
0.000000 14.843750 18.359375 5.242415 9.971438 5.884562 1.686392 1.455890 2.761139 0.481028 0.640051
0.000000 9.375000 13.671875 32.716664 9.407988 1.602806 0.818400 0.296859 0.483124 0.210945 0.094762
0.000000 10.156250 15.625000 3.994210 5.153241 2.098968 1.471490 1.176028 0.637025 1.030974 0.324100
0.000000 11.328125 23.437500 7.169787 7.354189 12.716046 0.670087 2.147863 0.960426 0.440981 0.835396
0.000000 11.328125 22.265625 2.963003 7.764902 2.871733 1.229113 0.954838 1.606299 0.376487 0.891043
0.000000 14.843750 28.906250 5.580019 4.431698 8.836389 0.886619 1.772540 1.490116 0.731088 0.610016
0.000000 13.671875 26.953125 47.137728 12.432924 4.992122 1.099193 1.129927 0.944128 0.902452 0.468688
0.000000 16.015625 23.828125 7.931609 2.427259 1.348788 1.069391 1.095934 0.461936 0.128290 0.169268
0.000000 13.671875 22.265625 10.922318 15.684171 3.590714 2.409099 3.972556 1.371140 0.390457 0.870088
0.000000 10.156250 15.625000 522.527844 56.269113 8.881558 4.053349 4.832167 3.332272 1.386041 0.971835
0.000000 8.984375 16.796875 20.656269 9.414041 4.641479 1.008622 0.825617 0.598840 0.786036 0.718515
0.000000 9.375000 18.359375 15.330268 1.674984 0.725267 1.063338 0.284519 0.392320 0.166241 0.300119
0.000000 11.328125 19.531250 7.247319 13.384502 6.478280 0.906410 1.965323 2.025394 0.710133 0.913395
0.000000 13.671875 25.000000 6.188406 6.126007 5.578855 1.696171 1.672423 1.115026 0.551809 0.822358
0.000000 16.015625 27.343750 20.228093 8.150470 10.331161 0.647735 1.347857 1.641456 0.861008 0.785338
0.000000 11.328125 17.187500 17.932383 12.360746 0.309199 0.461936 0.142492 0.371598 0.179978 0.139931
0.000000 8.203125 17.187500 22.719847 12.283446 4.044967 2.800021 3.725523 0.936212 1.015142 0.286615
0.000000 11.328125 19.531250 6.480608 3.419584 3.432389 6.538816 1.160661 2.523651 0.432832 1.813052
0.000000 11.718750 18.359375 4.662666 6.183051 4.210044 1.985114 0.738073 1.233770 0.773463 0.525499
0.000000 14.843750 26.171875 15.772879 1.914799 0.859844 0.429805 0.138301 0.203261 0.155531 0.101514
0.000000 18.359375 26.171875 13.787765 13.447832 0.766944 6.792834 4.290137 2.471032 1.139008 0.569969
0.000000 17.187500 27.343750 6.879214 2.261717 9.149779 2.199551 0.794884 1.841690 0.857050 0.638189
0.000000 14.843750 25.000000 17.359853 20.605745 5.005859 2.148328 1.375331 1.448439 1.076376 0.690110
0.000000 19.531250 22.265625 0.430038 8.669449 3.138790 0.610016 1.011183 2.888497 1.206761 0.428408
0.000000 16.796875 26.171875 5.697599 7.351860 8.324860 0.783009 1.195585 0.942498 0.600470 0.507338
0.000000 19.531250 22.265625 2.170913 2.422137 3.276393 2.319226 1.478475 2.344139 1.069624 0.632368
0.000000 21.875000 23.828125 2.749730 6.509013 3.413297 1.317589 2.285698 1.359265 0.286149 0.844477
0.000000 17.187500 21.093750 3.616558 9.769807 1.040287 0.622589 0.795815 0.711298 0.726664 0.515487
0.000000 20.703125 20.703125 1.264503 3.497349 3.592111 1.319917 1.047738 1.229346 0.708504 0.672881
0.000000 18.750000 23.437500 3.176741 1.993030 4.166504 1.173699 0.418164 1.121778 0.735745 0.369502
0.000000 11.718750 20.703125 75.829914 22.011809 4.848232 0.535278 0.365078 0.545522 0.626547 0.576023
0.000000 13.671875 26.953125 8.191681 6.127870 6.190967 1.833541 2.273591 1.262175 0.751577 0.363449
0.000000 8.984375 25.000000 4.517380 15.669037 6.387010 2.227491 0.589760 0.909204 1.173699 0.214670
0.000000 6.640625 21.875000 9.519747 7.598894 5.559064 0.748085 1.113396 1.148554 0.666361 0.653323
0.000000 9.375000 28.906250 7.078750 7.899944 12.048054 2.101762 1.494074 0.841450 0.593252 0.199070
0.000000 10.546875 23.828125 4.031463 12.118835 3.550667 0.470085 1.668930 2.238899 0.990927 0.250759
0.000000 15.625000 25.781250 6.988877 3.717840 2.709683 1.644948 0.963919 1.313630 0.405358 0.727363
0.000000 19.531250 25.000000 32.416312 5.751848 3.263354 3.481284 2.594665 3.210269 1.303386 0.960194
0.000000 20.703125 19.531250 12.617558 22.441614 7.318798 1.035864 2.782326 1.805834 1.280103 0.386732
0.000000 21.093750 20.703125 0.700820 6.087823 1.975335 0.737607 0.461936 1.342501 0.772532 0.299653
0.000000 15.625000 13.281250 14.808727 12.181234 1.030508 0.223983 0.148313 0.431435 0.263331 0.184635
0.000000 14.843750 14.453125 4.938105 2.742745 3.556255 1.081266 0.714790 1.668464 1.743669 0.375090
0.000000 16.796875 18.359375 3.583496 3.951602 3.141351 1.652632 1.727138 0.889646 0.578118 0.869157
0.000000 16.796875 23.437500 2.805376 2.933666 5.937880 3.126450 1.827255 1.733657 0.620494 0.659609
0.000000 20.703125 31.250000 2.106419 4.573492 2.468005 3.803754 2.098503 1.184642 0.537140 0.646571
0.000000 16.796875 24.609375 33.796532 37.156045 4.240312 1.887092 0.875909 2.774410 1.477078 0.344357
0.000000 17.187500 23.828125 29.011630 2.569985 3.044028 1.231208 2.680812 0.778586 0.798376 0.280794
0.000000 17.187500 21.093750 6.616348 5.567214 5.335081 2.118759 3.551366 1.723878 1.253560 0.547152
0.000000 13.281250 18.359375 13.386831 28.762966 4.818197 5.478971 2.074987 1.098961 1.092674 0.505941
0.000000 16.796875 18.359375 6.276183 15.150523 2.465909 0.688713 3.311317 3.404915 3.360445 2.616085
0.000000 16.796875 18.359375 16.788254 5.980488 5.488982 1.248205 1.267530 1.500361 0.441680 0.656350
0.000000 15.625000 17.187500 22.770837 10.406133 3.344612 3.784196 1.052860 1.835637 0.770902 0.393949
0.000000 19.531250 18.750000 23.042317 8.507399 2.122251 2.459623 1.327135 1.042616 0.397209 0.139000
0.000000 18.750000 25.781250 16.534468 1.662644 3.844732 1.350883 1.528068 1.116190 0.716420 0.703847
0.000000 16.015625 28.906250 7.021008 3.518071 7.667346 2.578367 2.485467 0.805361 0.775326 0.401400
0.000000 15.625000 26.171875 7.846858 6.662915 2.131099 0.938773 1.883600 0.779284 0.705710 0.294764
0.000000 21.093750 25.781250 4.948350 4.777685 3.227033 0.684522 1.624227 4.444504 0.597909 0.719214
0.000000 11.718750 17.187500 25.675166 18.715626 1.149485 0.933651 0.441680 0.217697 0.044471 0.185799
0.000000 19.921875 11.328125 2.001645 1.426786 0.961823 0.345288 1.274981 1.432840 0.386965 0.274042
0.000000 21.875000 17.187500 10.851538 1.706649 4.124129 1.040986 0.531087 1.026085 0.842381 0.353903
0.000000 13.671875 14.453125 236.431370 14.129793 0.483356 2.026558 0.161119 0.673346 0.142260 0.252388
0.000000 19.531250 19.531250 197.667396 25.246758 10.599382 2.261484 2.441229 2.269167 0.409083 1.267996
0.000000 11.328125 15.625000 21.428568 8.568633 0.419794 0.559725 1.257518 0.534579 0.121538 0.068685
0.000000 9.375000 5.468750 26.266789 43.698121 3.598398 2.963701 2.098968 4.753936 1.400942 1.197215
0.000000 14.453125 9.375000 12.495555 9.446638 3.198627 3.447523 2.146233 2.529938 0.356231 1.098262
0.000000 9.375000 8.203125 52.857213 7.780734 1.741573 0.569271 0.423053 0.183936 0.114553 0.081491
0.000000 13.671875 13.671875 11.061784 7.701339 1.785578 3.253343 2.051005 2.009794 0.426546 0.325497
0.000000 18.359375 20.703125 52.594114 2.079178 4.228670 1.406530 1.578359 2.638670 0.389060 0.532949
0.000000 23.828125 20.703125 4.631933 1.550885 2.086395 2.678484 3.206544 4.464062 0.385102 0.283355
0.000000 31.640625 24.609375 6.490620 4.568370 2.786983 2.309680 0.633998 1.791632 0.349712 0.369269
0.000000 35.156250 23.828125 1.316657 2.208631 0.726199 0.933651 0.725267 1.691980 0.828644 1.251232
0.000000 31.640625 24.609375 5.088048 3.696652 1.359498 5.379086 1.464970 1.160894 1.018867 0.683591
0.000000 28.906250 26.171875 2.176734 1.069624 2.040761 1.131557 1.616543 1.098495 1.608394 0.603031
0.000000 25.000000 30.468750 13.634795 1.760898 8.061063 1.295004 1.760665 0.931788 0.770204 0.484521
0.000000 23.437500 33.984375 1.223525 1.308275 2.006069 1.507811 2.124812 0.964152 0.457047 0.552507
0.000000 21.093750 25.781250 34.127152 19.140774 1.526671 1.395587 0.783009 1.540640 1.193723 0.915024
0.000000 20.703125 25.781250 0.659376 1.955777 3.390247 0.458211 1.659617 1.483131 0.863802 0.958797
0.000000 21.875000 19.921875 10.644319 17.304206 5.691545 3.203982 1.310371 2.991874 0.527594 0.324100
0.000000 18.359375 13.281250 3.866153 21.576416 1.485227 1.469627 0.996515 1.728768 0.746688 1.757173
0.000000 18.750000 17.187500 7.993309 8.730916 2.229121 2.587680 1.145992 1.148088 1.479639 0.466593
0.000000 18.750000 16.015625 1.769979 1.373701 0.236789 1.506880 1.154374 0.800006 0.773929 0.323867
0.000000 19.531250 20.703125 2.662884 5.017733 6.857095 4.444038 0.383705 2.165558 1.418404 0.557397
0.000000 24.609375 26.953125 2.822606 1.781387 1.193956 1.750654 0.835164 1.509907 0.681030 1.333188
0.000000 32.812500 25.000000 0.557629 1.047505 0.345288 0.971835 1.395820 2.198853 0.770669 0.357395
0.000000 31.640625 25.000000 0.805128 4.325062 2.549728 1.068227 1.160195 1.303852 0.568805 0.544358
0.000000 36.718750 21.093750 1.239823 1.184177 0.580214 1.196750 0.494765 2.053799 0.850530 0.920380
0.000000 31.250000 23.828125 3.027264 7.959781 14.638295 0.788830 1.466135 1.313863 1.034932 0.886619
0.000000 27.343750 25.000000 5.005160 3.071269 1.687789 0.835164 0.957167 1.897803 0.762753 0.596978
0.000000 31.640625 25.781250 2.597924 1.408393 1.476379 1.464738 1.411419 2.233312 0.808854 0.730390
0.000000 30.468750 26.171875 1.646811 2.983725 2.612127 1.221430 0.647735 3.336929 0.954606 0.790460
0.000000 37.500000 22.265625 15.880913 1.027714 1.325272 0.460073 1.117354 1.198379 0.224216 0.154367
0.000000 35.546875 26.171875 1.586275 0.808388 2.332032 1.854496 1.505017 1.042383 0.324333 1.108041
0.000000 29.296875 32.421875 4.392117 1.469394 8.453382 1.078239 0.946689 0.812113 0.600936 0.790926
0.000000 28.906250 31.640625 0.904081 4.663598 5.300622 1.273584 3.854046 4.041009 1.592562 0.634696
0.000000 23.828125 33.984375 0.960426 7.499475 11.733966 0.357162 3.522029 2.461718 1.232605 0.776723
0.000000 23.828125 33.984375 0.655651 2.325978 7.986091 0.770437 2.943445 2.274057 0.829343 0.669155
0.000000 23.828125 33.984375 2.430985 1.966953 13.201497 0.767875 1.787441 1.214910 1.025852 0.827713
0.000000 16.015625 36.328125 19.332627 17.147977 17.150538 8.650590 4.302710 1.860550 1.003500 0.850065
0.000000 14.843750 32.421875 44.679735 10.970514 5.027745 0.639353 6.034737 1.387205 0.610715 0.244938
0.000000 11.718750 30.078125 2.738787 6.002141 3.440538 1.369743 1.669163 1.122244 0.626547 0.746688
0.000000 14.843750 17.187500 36.254758 10.914402 1.263572 0.818633 2.254033 1.684995 1.142267 0.350643
0.000000 11.718750 8.203125 52.839518 30.537136 1.197215 1.936220 1.660548 0.727363 0.484521 0.581611
0.000000 13.671875 1.562500 9.006821 10.418007 0.101514 0.293832 0.794884 1.312699 0.553671 0.394415
0.000000 19.531250 3.906250 1.488486 0.447966 1.069857 1.105480 1.003966 1.468230 0.993023 1.334120
0.000000 19.531250 10.546875 3.337162 2.301065 2.029818 0.577653 0.361120 0.715489 0.443775 1.172302
0.000000 31.640625 17.187500 4.747184 1.291046 1.510140 0.051223 0.298955 1.965091 1.598848 1.329696
0.000000 35.156250 26.171875 3.986293 2.396759 1.093140 0.963220 1.765089 1.261244 1.481967 0.749715
0.000000 22.265625 21.093750 316.560268 72.372379 7.741852 4.837522 1.731329 1.548789 1.101755 0.869622
0.000000 19.921875 17.187500 4.106434 10.424294 0.760425 2.325745 0.697561 1.022359 1.027016 1.321547
0.000000 10.156250 18.359375 5.332287 11.352822 4.906906 1.873355 1.192791 0.724336 0.686385 0.500586
0.000000 3.906250 19.921875 18.227845 12.077391 6.283866 3.126683 1.701294 1.006294 0.173459 0.575092
0.000000 6.250000 21.093750 50.819712 17.825980 3.007706 2.343440 1.916895 0.763917 0.335043 1.959736
0.000000 9.375000 21.093750 2.608169 2.728775 0.654953 0.855187 1.904787 0.881497 0.700355 1.044944
0.000000 11.718750 16.015625 154.694542 12.252713 0.750646 1.067063 1.357635 1.196517 1.018867 0.247499
0.000000 9.375000 17.187500 414.665789 23.172004 13.703248 7.448718 1.492444 0.940636 1.071254 0.581378
0.000000 19.921875 19.531250 4.614936 0.754837 1.284992 0.620494 1.664739 1.662178 0.686850 0.522705
0.000000 18.750000 20.703125 16.296748 9.296928 3.165100 2.042158 1.132488 2.091518 0.637025 0.454020
0.000000 23.437500 19.531250 7.759547 7.865950 0.518514 0.609318 1.727371 3.214926 0.972766 1.094304
0.000000 32.421875 16.015625 2.065441 3.731111 0.559958 2.014218 1.350418 1.700595 1.549954 0.401866
0.000000 32.421875 16.015625 1.168344 1.200708 0.349013 1.386274 1.054490 1.971144 0.810251 0.447035
0.000000 36.718750 19.921875 0.902917 0.465196 2.840301 0.815140 0.885222 1.814449 1.398614 1.145760
0.000000 37.890625 23.828125 7.838709 3.737165 0.362750 1.985114 0.436092 3.009336 0.680098 1.766486
0.000000 39.062500 22.265625 1.234468 1.640292 0.186730 0.795815 1.464272 1.409324 0.527361 0.651926
0.000000 34.375000 23.828125 9.568874 3.279187 1.027714 1.932727 0.921078 0.795349 0.487315 0.739237
0.000000 25.781250 21.093750 462.134602 17.944956 3.858004 7.747905 3.355788 1.255656 0.715023 1.472654
0.000000 18.750000 19.921875 7.944880 10.698102 1.808163 1.924345 4.478963 0.925036 1.362292 0.493834
0.000000 11.718750 25.000000 1.962297 2.199784 2.366956 2.935296 3.133202 0.660773 1.496635 0.610249
0.000000 11.718750 26.171875 2.539251 3.958121 4.319940 0.926200 1.156004 1.074281 1.302687 0.482658
0.000000 21.093750 26.171875 0.927132 2.196757 1.972076 0.911998 1.044478 2.854504 0.634696 0.767410
0.000000 21.875000 30.078125 2.104789 10.741642 5.071750 2.572080 0.749715 1.206296 0.960426 0.974163
0.000000 21.875000 29.296875 1.351582 8.591916 2.719695 7.095514 3.635883 1.640059 0.607455 0.663800
0.000000 18.750000 25.000000 58.319885 16.072532 5.023088 0.900589 1.539243 1.107808 0.622822 1.134118
0.000000 10.546875 26.171875 1.705950 6.845221 5.522044 1.036562 1.945067 0.719912 2.195127 0.569504
0.000000 16.015625 29.296875 1.744134 0.962522 2.371846 1.026783 0.398839 1.406530 0.495696 0.461703
0.000000 18.359375 30.468750 4.459638 7.204246 6.210990 6.459188 2.443092 3.319932 1.844252 0.853091
0.000000 16.796875 27.343750 271.726865 24.178764 0.886386 3.858702 2.844259 1.269858 0.455417 0.292668
0.000000 21.093750 25.781250 8.241972 2.520159 1.150416 0.865897 1.750886 0.884989 0.499887 0.366243
0.000000 16.015625 21.093750 18.227147 11.540484 2.603512 1.290813 1.440989 1.112930 0.919215 0.589294
