0.000000 36.328125 28.906250 14.219200 3.877329 2.235174 2.506888 0.867061 1.767650 0.963453 1.030276
0.000000 33.984375 25.781250 172.120985 23.871893 4.071044 1.078006 0.915024 5.589332 1.106411 1.049135
0.000000 37.500000 23.437500 14.153076 6.925547 1.423759 1.391163 1.650769 3.834954 1.202337 0.513392
0.000000 39.062500 23.828125 8.761883 2.934597 3.648922 1.956476 1.269626 2.878951 1.422130 0.480330
0.000000 39.062500 20.703125 4.371395 4.604226 0.351574 2.531800 1.699198 3.208639 0.813277 0.599772
0.000000 39.062500 26.171875 2.808403 1.718756 2.330169 0.798842 2.434710 1.160894 0.803499 0.332948
0.000000 39.062500 30.078125 6.344868 2.537156 2.221903 0.807922 1.611188 1.697801 0.530388 1.304084
0.000000 36.718750 28.906250 110.156834 7.969793 4.469650 0.815839 0.935281 0.430970 0.127126 0.216532
0.000000 32.812500 32.812500 7.955590 2.859859 2.174173 2.389075 0.712229 1.401640 0.621891 0.370899
0.000000 33.984375 25.000000 1.111533 3.392342 0.206754 0.383472 2.160668 0.964617 0.776490 0.396511
0.000000 30.468750 25.000000 3.336696 3.980007 1.898501 0.739470 0.518514 1.168344 0.882661 0.400702
0.000000 37.890625 21.875000 2.716668 2.634479 0.885688 0.397442 1.178123 0.751577 0.584172 0.738073
0.000000 36.718750 16.015625 3.914349 7.681316 1.602340 0.808854 2.196524 1.384411 1.390232 0.359025
0.000000 36.328125 23.437500 8.970965 2.738787 0.587897 2.000947 1.216307 1.118751 1.061708 0.459608
0.000000 33.984375 23.828125 5.151378 2.038898 1.415610 0.877073 1.475913 0.451924 0.436557 0.602566
0.000000 28.906250 22.265625 13.255514 21.310756 4.587229 1.262408 2.132962 1.541572 2.000714 0.633765
0.000000 30.468750 29.296875 7.248018 0.761589 1.321314 0.860542 0.860309 0.623753 0.143424 0.071013
0.000000 25.000000 29.296875 5.886657 5.746027 1.072418 2.275221 0.814674 0.634696 1.103850 0.736676
0.000000 24.609375 31.250000 2.194894 3.836118 2.436340 1.859386 0.557164 0.833999 0.724569 0.490341
0.000000 31.250000 35.156250 4.688045 2.669636 1.711771 0.832602 0.719214 0.953674 0.758329 0.339234
0.000000 28.906250 31.250000 103.758881 8.037779 1.249835 4.081288 2.026092 1.692679 2.199318 3.035180
0.000000 30.468750 35.156250 11.021039 2.706423 3.706431 0.955770 0.322005 0.824686 1.054024 0.599539
0.000000 33.984375 33.984375 5.820533 2.654037 1.229346 1.722015 1.001405 0.983244 0.518747 0.618864
0.000000 36.328125 31.640625 1.494773 0.869855 0.465196 0.476371 1.231441 0.704080 0.558095 1.384877
0.000000 31.250000 28.906250 14.506048 5.005160 1.007924 0.359723 0.572531 0.251690 0.168802 0.141794
0.000000 35.156250 25.781250 5.338108 2.741581 2.196757 0.859145 1.383480 1.375563 0.996748 0.729458
0.000000 37.890625 23.828125 2.529239 1.256587 0.991160 1.630979 2.702465 2.044952 1.440756 0.479631
0.000000 35.156250 28.906250 1.869630 2.567191 2.483372 2.325047 0.905013 1.476379 0.737375 0.329688
0.000000 39.062500 33.984375 1.811190 2.573244 0.359491 2.761139 1.092209 0.659376 0.377884 1.208857
0.000000 39.062500 32.812500 1.812354 2.505258 2.163230 0.681495 0.895234 2.071261 1.152512 0.971602
0.000000 36.718750 32.421875 0.869390 7.578870 1.116889 2.443558 0.625150 2.056826 0.719680 1.002336
0.000000 37.890625 30.468750 75.891614 4.011206 2.900604 3.349734 2.264278 2.396991 1.017237 0.923639
0.000000 39.062500 27.343750 4.909467 8.630566 2.373708 2.098037 2.234709 1.786975 0.952976 0.553671
0.000000 32.812500 28.906250 2.461718 6.397720 4.927861 1.721317 3.049150 1.314795 0.721775 0.214903
0.000000 31.250000 30.468750 0.384403 5.888520 0.296161 6.268732 3.057765 1.566950 1.006760 0.467524
0.000000 32.812500 28.906250 4.919246 1.966953 0.924105 1.401640 1.442619 1.773937 0.866596 0.808155
0.000000 33.984375 32.421875 2.094777 4.079426 1.541805 5.256850 3.385125 1.795357 0.932720 0.708969
0.000000 37.500000 30.468750 3.001420 2.314104 1.467299 0.401400 1.484063 1.004431 0.546919 0.611646
0.000000 39.062500 33.984375 0.156462 2.282206 4.903413 2.413057 1.494773 2.179528 1.040753 0.775792
0.000000 35.156250 35.156250 1.381384 4.306203 1.902925 1.831912 1.127832 1.181383 0.501052 0.481959
0.000000 32.812500 35.156250 0.687782 5.305978 3.020046 3.873603 1.098262 1.436332 0.571134 0.621425
0.000000 35.546875 34.375000 1.527136 2.468005 0.890810 1.071487 1.315726 2.403744 0.573928 0.899658
0.000000 35.546875 31.640625 3.439374 1.482666 2.933899 0.891043 2.820976 1.190696 0.691740 0.294531
0.000000 35.546875 29.296875 3.168825 7.992378 1.222827 2.621440 2.841465 1.704553 1.456821 0.672415
0.000000 35.546875 26.953125 3.706198 4.434027 1.238193 3.391877 2.118293 0.984408 0.712462 0.347150
0.000000 31.250000 25.781250 1.963926 3.994443 0.362750 1.380453 1.195585 1.251232 0.786735 0.400236
0.000000 32.812500 25.000000 2.421904 1.004664 0.940636 2.171146 1.810258 1.541805 0.654720 0.843313
0.000000 37.500000 26.953125 1.075445 1.375331 1.514563 0.746921 1.516892 1.551351 0.534113 0.920380
0.000000 39.062500 32.421875 2.369052 1.073116 3.608409 6.285496 1.655193 2.026558 0.985572 0.815373
0.000000 39.062500 31.250000 2.131332 7.053139 1.737149 1.016771 4.564412 1.721084 1.816778 0.988832
0.000000 33.984375 30.468750 5.339505 4.306203 2.582558 2.504792 2.599787 0.959495 0.208616 0.323169
0.000000 29.296875 29.296875 1.695938 9.535812 2.075452 2.458226 1.326669 2.109213 0.355532 0.355300
0.000000 26.953125 23.437500 6.474322 4.270580 1.786044 1.895241 1.608161 1.006993 0.864267 0.653090
0.000000 25.000000 26.171875 3.295019 3.645197 2.107583 0.645872 2.081040 0.708271 0.446802 0.165310
0.000000 23.437500 26.171875 8.328818 10.840828 4.413538 4.562782 2.320623 1.504086 0.650529 0.465196
0.000000 24.609375 26.953125 1.475215 4.023314 0.777654 1.859851 1.131091 1.214677 0.724336 0.296161
0.000000 28.906250 21.093750 2.349494 11.802651 1.852168 0.329921 0.717118 3.963476 1.011416 1.138542
0.000000 31.250000 25.000000 1.945300 1.293840 2.636109 0.346219 0.932487 0.751344 0.494765 0.455650
0.000000 35.546875 19.531250 83.614141 7.565366 0.377418 1.603272 3.924826 1.944602 1.394190 1.243781
0.000000 30.468750 21.093750 21.500047 3.251480 1.478475 1.434702 0.198605 0.372995 0.342028 0.173226
0.000000 27.343750 30.468750 0.860076 0.800239 1.839362 1.262873 1.435401 0.754371 0.977889 0.753440
0.000000 30.468750 26.171875 3.082212 2.822373 1.070788 1.528999 1.731794 1.609325 1.050998 0.843080
0.000000 34.375000 28.906250 1.572538 3.857072 1.663109 0.472879 2.313405 2.982561 1.194421 0.683824
0.000000 30.078125 23.437500 31.958334 63.244486 8.435687 4.011439 0.860076 1.621665 1.127366 0.972301
0.000000 30.468750 17.187500 2.647750 4.282920 1.204433 1.157168 1.748791 1.360662 0.872882 0.777654
0.000000 23.437500 19.921875 3.354624 5.760463 3.984431 2.685003 1.132721 0.851229 0.753673 0.403496
0.000000 16.015625 20.703125 4.511792 8.686911 1.975335 1.067063 0.681961 1.223991 0.714092 0.482192
0.000000 24.609375 25.000000 0.848435 6.161164 3.780238 2.416549 3.018882 1.558568 0.593020 0.465196
0.000000 24.609375 30.078125 13.623154 3.996538 3.554858 3.492227 2.304325 2.186745 0.659609 0.569504
0.000000 26.171875 25.781250 0.679167 8.585863 1.736218 1.709443 1.314795 1.237728 0.550644 0.431668
0.000000 31.250000 27.343750 2.593035 4.242873 0.229804 3.133435 1.189997 1.810258 0.393949 0.830973
0.000000 34.375000 29.296875 0.454020 0.912230 1.353445 0.531552 1.015607 0.832602 0.982778 0.355300
0.000000 39.062500 25.000000 2.364395 1.706881 1.189299 0.615371 1.091044 2.828892 0.749948 0.178581
0.000000 39.062500 26.953125 7.414259 3.079418 1.489185 0.928761 1.532026 0.843545 0.881497 0.375323
0.000000 36.718750 31.250000 2.548797 1.707580 1.767883 2.312940 0.831205 0.985106 0.391388 0.958564
0.000000 35.546875 31.640625 0.909902 2.581393 2.682908 1.780456 1.175096 2.164394 1.132721 0.151340
0.000000 33.984375 30.078125 3.050780 3.482914 0.444008 1.678942 1.743436 2.573244 0.375323 0.294531
0.000000 39.062500 26.171875 7.499242 2.353452 0.480097 0.803964 2.062181 2.136454 0.808621 0.429340
0.000000 39.062500 25.000000 8.491566 2.493151 4.882459 1.409790 1.497567 2.837274 0.379048 0.454485
0.000000 36.328125 25.781250 4.271977 2.719695 3.741821 1.075910 1.717824 0.740401 0.263099 0.417698
0.000000 30.078125 31.640625 18.232735 6.202608 4.305271 3.204448 0.328990 1.350651 1.177657 0.334810
0.000000 26.171875 37.500000 22.132881 2.910150 2.773246 1.935055 0.853091 2.002111 1.179986 0.384636
0.000000 26.171875 39.062500 1.505949 1.190696 2.717366 2.703862 1.120148 1.722481 0.708969 1.244713
0.000000 32.421875 35.156250 0.464963 1.085224 0.233296 1.131324 1.423527 0.926899 0.660308 0.412110
0.000000 33.984375 31.250000 1.359498 6.809365 2.909917 0.904081 1.585810 1.419801 0.686850 0.340631
0.000000 31.250000 32.421875 1.073349 2.390239 1.174863 2.718298 0.944594 0.905013 0.640983 0.817701
0.000000 30.078125 25.000000 1.571141 6.079441 1.674984 0.730623 2.452638 1.795823 0.669155 0.835164
0.000000 24.609375 29.296875 1.318054 1.181848 3.633555 0.592088 2.261484 0.643777 0.580912 0.594882
0.000000 25.000000 32.812500 1.627719 2.557645 4.146015 0.673113 2.054963 1.040287 0.210712 0.596745
0.000000 22.265625 26.953125 0.949251 11.926983 2.597459 1.076609 1.149252 1.473119 0.766944 0.216998
0.000000 24.609375 30.078125 1.701294 2.285000 0.866130 1.038425 0.440516 1.451932 1.046574 0.573695
0.000000 25.781250 23.437500 1.284527 8.729985 0.833767 2.540881 4.649395 1.892215 0.981614 0.533182
0.000000 18.750000 16.015625 14.887890 7.242430 1.166482 0.166008 0.363681 0.206754 0.123167 0.098953
0.000000 14.453125 17.187500 6.216811 11.649448 1.599547 4.059169 2.956949 0.576954 1.675216 0.333413
0.000000 5.078125 11.718750 25.126152 49.313763 6.132992 2.446584 3.545079 2.418412 1.472887 0.296161
0.000000 2.734375 18.750000 72.452938 6.339978 4.254980 3.114110 1.678709 1.142500 1.766020 0.666128
0.000000 8.203125 23.437500 2.577435 7.488765 3.694557 2.011424 1.170672 1.310837 0.497792 0.474742
0.000000 16.796875 21.875000 0.547618 7.266644 1.182081 1.860783 2.961606 2.196990 1.365552 0.661239
0.000000 17.187500 23.828125 4.712958 7.734634 0.966713 1.359265 0.835396 0.499887 0.920147 0.455882
0.000000 19.921875 23.437500 20.139385 0.718748 0.539934 0.445172 0.532949 0.252388 0.215368 0.186963
0.000000 21.875000 24.609375 14.299760 3.434485 3.390945 2.377201 3.397698 1.298962 1.082430 0.734348
0.000000 20.703125 25.000000 3.730180 4.676869 1.287553 0.845175 0.951113 1.379056 1.085689 0.362983
0.000000 28.906250 26.171875 4.462898 4.306901 0.570202 2.908288 3.834022 2.702931 0.557862 0.698026
0.000000 23.828125 23.828125 21.782471 7.481780 2.178131 1.072418 0.522472 0.511995 0.269851 0.158558
0.000000 21.093750 19.531250 6.217742 10.928605 1.390465 1.551118 1.058215 0.988599 1.994893 0.712695
0.000000 21.093750 14.843750 12.337463 5.580951 0.734581 0.516186 5.229609 1.403270 1.818174 1.102453
0.000000 13.671875 14.453125 28.069830 77.558449 11.614058 15.843427 13.826415 5.387701 5.349983 8.317409
0.000000 21.875000 16.015625 6.529270 2.923422 2.705492 2.256595 2.090354 3.028661 2.481276 1.508975
0.000000 27.343750 19.531250 2.773711 4.269881 1.692213 2.597459 1.586974 2.466142 1.140870 0.736909
0.000000 24.609375 26.953125 165.243400 9.397976 7.345341 2.931105 6.031943 1.719920 1.660548 1.852401
0.000000 30.468750 32.421875 14.872989 4.248228 4.731119 2.579065 0.695465 2.226559 0.768807 1.973705
0.000000 21.093750 37.500000 643.406063 19.578496 40.040351 46.619680 9.077601 4.131114 4.262663 5.448004
0.000000 19.921875 39.062500 3.090594 2.951827 1.947396 4.641479 1.043081 2.319692 0.723405 0.927364
0.000000 22.265625 36.718750 9.570736 6.994465 0.986038 2.507120 1.123641 1.617009 0.812346 0.444474
0.000000 21.875000 32.812500 1.379056 5.905749 1.662411 1.706881 0.959961 1.484528 0.804896 1.162523
0.000000 32.421875 27.343750 3.819354 1.125503 0.864035 1.341570 0.591855 1.520384 0.935746 0.950648
0.000000 30.468750 25.000000 0.812812 4.459405 3.380701 0.499422 2.318295 1.223292 0.765081 0.354368
0.000000 30.078125 27.343750 1.947396 5.189562 4.011439 1.729000 1.813984 1.604669 1.022592 2.387213
0.000000 27.343750 28.906250 9.076437 11.113705 7.714843 1.555076 2.631918 1.804205 1.514098 1.236331
0.000000 23.828125 25.781250 5.273847 5.280366 2.437737 0.374625 0.911765 1.582783 1.393259 0.479864
0.000000 23.437500 30.468750 127.387466 5.525537 12.434321 2.106652 1.464970 2.779998 0.598142 1.089880
0.000000 21.093750 26.171875 91.336900 18.716324 3.308756 2.312707 1.437031 2.320157 1.111301 1.384877
0.000000 18.750000 24.609375 25.172485 12.434553 4.296424 0.762288 1.649605 0.945292 0.806060 0.235857
0.000000 16.015625 25.781250 102.900667 10.971213 6.296206 0.982080 3.650784 1.768116 1.522247 1.115026
0.000000 16.015625 22.265625 1.440989 4.096888 3.112946 2.383022 1.696404 1.316890 2.615619 0.455650
0.000000 16.796875 29.296875 8.983305 3.375113 8.196803 0.904314 2.569286 1.318287 0.818633 1.517124
0.000000 23.828125 30.468750 2.068467 5.190726 3.959751 0.473578 1.537381 2.973014 0.444707 0.716187
0.000000 26.953125 32.421875 1.079170 2.963934 2.601184 1.505250 1.810491 1.392560 0.860076 1.137843
0.000000 34.375000 31.250000 5.627517 0.577886 1.577893 0.490109 0.797445 1.962762 0.661705 0.519445
0.000000 36.328125 25.000000 6.139511 9.253155 2.187677 1.228182 1.194421 2.533896 0.516418 0.583474
0.000000 39.062500 19.921875 3.593508 5.954411 1.268694 0.415370 2.862886 4.453817 0.437023 0.877539
0.000000 39.062500 21.093750 0.275206 3.838213 6.028684 0.812113 0.785338 2.552988 0.668457 0.268221
0.000000 34.375000 22.265625 3.229128 4.610280 3.445195 4.039379 1.968350 2.209097 1.633307 0.502681
0.000000 36.328125 27.343750 9.850366 1.003500 1.775101 2.298271 1.429813 1.581153 1.279637 0.501284
0.000000 31.250000 37.890625 2.140878 3.210735 8.895528 0.369968 0.707805 1.854729 1.048669 0.576954
0.000000 30.078125 39.062500 2.054730 5.215872 5.864305 8.377014 2.825167 3.480120 0.546686 1.489883
0.000000 30.468750 36.328125 1.998385 6.244518 2.882909 2.498506 3.776746 2.389541 1.162989 0.740867
0.000000 30.468750 30.078125 11.718133 2.266606 0.294531 0.511063 0.580912 0.960892 0.258442 0.240048
0.000000 32.812500 26.171875 2.544140 4.186993 4.599802 0.683358 1.863576 2.447050 1.895707 1.232605
0.000000 30.468750 19.921875 2.672430 12.448523 1.721317 2.269167 1.181848 1.555774 1.357635 0.842381
0.000000 28.906250 22.265625 6.949529 2.245186 0.593252 2.542976 0.880565 0.748783 0.268454 0.168104
0.000000 17.187500 20.703125 107.200118 64.904802 5.496433 4.128087 3.546011 1.734355 0.785571 0.420958
0.000000 10.546875 14.843750 3.051478 10.949327 1.075910 0.780215 1.654727 0.776723 0.687549 0.386965
0.000000 14.453125 16.796875 3.098277 6.256858 1.230277 3.250083 2.114102 2.001878 0.739470 0.858447
0.000000 14.453125 17.187500 3.728550 3.109686 4.368136 0.357395 0.717817 1.090812 0.826782 1.021195
0.000000 25.781250 21.875000 11.330005 3.217254 0.699656 2.309447 0.886386 2.635643 1.072418 1.468230
0.000000 26.953125 27.343750 6.759772 6.289687 3.187219 3.097113 3.306428 0.971835 1.574401 1.202337
0.000000 31.250000 28.906250 1.167879 1.892680 0.396278 2.075918 1.224689 1.967885 0.553438 0.356697
0.000000 30.078125 26.171875 281.517394 53.691445 37.935330 17.693732 26.843976 12.222910 5.946960 1.695938
0.000000 27.343750 26.953125 68.554189 5.892711 1.375098 3.669411 2.840301 2.700370 1.118518 1.115492
0.000000 26.953125 23.437500 20.692591 9.791926 2.037268 0.768341 0.964385 0.891276 0.355532 0.293367
0.000000 22.265625 23.828125 6.577931 6.245915 1.663109 3.462657 0.570435 1.703389 0.975560 1.158100
0.000000 25.781250 19.531250 11.079479 5.804002 1.417473 0.535976 1.745299 2.136221 2.931803 1.200708
0.000000 18.750000 19.531250 36.646612 21.020649 4.139263 5.773967 0.576023 1.530396 0.556465 1.400709
0.000000 21.093750 25.000000 26.114751 1.878478 2.550427 0.588596 0.996748 0.571366 1.028413 0.185333
0.000000 19.531250 23.437500 22.403896 11.095311 2.311543 4.800735 2.940185 2.048211 0.418164 0.788132
0.000000 20.703125 26.953125 3.236579 4.090834 1.731561 2.691988 2.227956 2.582790 0.541564 0.866828
0.000000 23.828125 23.828125 5.107839 13.301615 2.048444 1.347158 2.545537 1.643319 1.139008 1.318520
0.000000 25.000000 21.093750 4.886417 4.051719 3.647758 0.777189 2.576737 1.406064 0.705710 0.478700
0.000000 18.750000 18.359375 148.185063 85.734529 9.059673 6.694579 7.484341 2.774177 0.901753 0.710832
0.000000 16.796875 21.093750 4.948350 1.492910 1.575565 2.650544 1.245411 0.910833 1.049368 0.998611
0.000000 23.437500 22.265625 5.803769 3.356254 0.816071 1.269858 1.081498 2.858927 0.872649 0.896864
0.000000 25.000000 19.531250 15.808502 4.705740 1.037726 1.092441 1.670793 1.750421 1.221895 0.993488
0.000000 37.500000 21.093750 251.983525 31.059142 4.874077 15.452737 20.560808 23.898901 4.819594 3.209803
0.000000 36.328125 16.796875 83.879102 7.026829 3.839377 1.348322 3.963476 1.489185 2.796296 1.251698
0.000000 32.812500 16.796875 7.458963 6.673625 1.489650 1.605134 1.997454 2.410961 0.847736 0.919448
0.000000 27.343750 25.000000 6.298535 5.017035 10.039890 4.815869 1.401873 1.495006 1.485692 0.491273
0.000000 20.703125 25.000000 50.907023 20.961976 4.874077 3.562542 6.407732 2.721325 1.906417 0.953441
0.000000 19.921875 27.343750 27.907779 6.563729 2.308050 4.626811 1.167646 1.379289 0.714790 0.401866
0.000000 14.843750 30.078125 4.315749 8.104835 2.501067 1.533888 1.396984 0.935281 1.289882 0.979984
0.000000 16.796875 23.437500 10.271790 7.267809 1.282431 2.007931 0.789296 1.248438 1.592096 0.752741
0.000000 17.187500 26.171875 275.197206 63.176733 41.647581 15.797559 17.142855 11.897413 2.748100 0.973232
0.000000 18.359375 28.906250 1.910375 3.008172 8.696457 0.849366 2.807239 1.467997 0.572298 2.022367
0.000000 19.921875 29.296875 1.327833 9.210780 4.261266 3.109686 3.280118 2.027256 0.904547 0.982778
0.000000 20.703125 26.171875 7.579336 10.354444 1.837267 0.742264 1.645414 1.745764 1.075445 1.021894
0.000000 22.265625 26.171875 5.293870 4.101777 3.746245 0.768807 1.274748 1.492444 1.138309 1.102453
0.000000 22.265625 23.828125 1.012813 4.623318 1.825392 3.016088 1.594424 0.959961 1.160428 0.778120
0.000000 25.781250 20.703125 7.094815 4.420988 0.874512 1.020264 1.899898 1.593027 0.798609 0.728294
0.000000 23.828125 22.265625 1.109438 12.825243 1.064967 3.881752 1.421431 1.554843 0.869390 0.448432
0.000000 28.906250 21.875000 2.822839 2.113404 2.439832 0.624452 0.814209 2.539018 1.475448 0.285450
0.000000 31.250000 19.921875 9.642448 6.676419 2.936460 0.887085 1.176726 2.152752 0.993954 0.802567
0.000000 30.078125 26.171875 5.762791 1.307111 4.823785 0.655884 2.601882 1.202570 1.368579 0.699889
0.000000 36.328125 28.906250 4.981877 2.509914 0.766944 1.773238 0.783475 2.046349 1.043780 0.556698
0.000000 32.421875 27.343750 15.869038 3.943918 2.115034 0.954140 1.090579 1.288252 1.769746 0.635860
0.000000 31.250000 32.812500 3.103865 2.531102 7.146969 1.469394 1.532957 1.792563 0.745989 1.612119
0.000000 27.343750 35.156250 6.554881 3.968831 10.207994 1.413980 1.559500 1.381384 1.228880 0.548549
0.000000 19.921875 35.156250 6.072922 9.960029 3.861263 1.863809 1.085224 1.031905 0.578351 0.514556
0.000000 21.093750 36.718750 5.842187 2.354383 0.991626 3.504567 2.569752 1.683366 1.286156 1.178822
0.000000 21.093750 30.078125 2.577435 5.256850 0.459841 1.855660 1.474284 1.400942 1.505250 0.629807
0.000000 25.000000 24.609375 12.013363 8.895295 3.201887 3.618887 2.053333 3.326219 1.416076 0.745757
0.000000 27.343750 27.343750 11.920929 7.380499 3.758585 8.314615 0.742031 2.440996 1.724344 0.679633
0.000000 26.171875 25.000000 10.472490 7.048482 3.766967 0.796281 2.256129 2.159737 1.759734 0.482658
0.000000 26.171875 30.078125 11.084834 5.981186 7.255934 1.384644 2.464512 2.461486 1.568580 0.318978
0.000000 21.875000 33.984375 70.853392 1.943670 2.956949 0.826782 0.913162 0.396976 0.256812 0.121538
0.000000 23.828125 30.468750 11.450145 3.518537 1.550885 1.237961 0.793487 1.231208 0.509433 0.935979
0.000000 21.875000 31.250000 4.265457 11.794502 6.516930 1.088716 2.722722 2.486631 0.759494 0.424916
0.000000 24.609375 28.906250 4.722271 4.749279 3.199792 0.378815 1.995824 2.237502 0.866130 0.607688
0.000000 30.468750 23.828125 3.675697 2.212822 1.480570 0.966480 2.400251 1.339708 0.783242 0.383006
0.000000 31.640625 23.828125 4.452886 2.261484 1.257984 1.163222 1.659384 1.183013 0.907341 0.812346
0.000000 31.640625 24.609375 6.226357 8.513220 7.386319 0.709668 3.794441 2.069632 0.489876 0.740867
0.000000 26.953125 25.000000 7.593073 4.901784 4.130648 0.844244 4.253350 0.851462 0.556698 0.749016
0.000000 19.921875 21.875000 35.521807 22.633933 2.908055 1.562526 1.129229 1.671957 1.437962 0.351341
0.000000 14.843750 18.750000 224.820571 44.055516 5.761394 4.434027 0.924338 3.805151 0.637490 0.435160
0.000000 17.187500 19.531250 3.087102 3.324589 1.777895 2.708752 1.780223 2.007233 0.943895 0.653556
0.000000 19.531250 9.375000 4.136236 11.307420 0.218628 0.391155 1.572771 1.550186 0.701286 0.956003
0.000000 19.921875 19.531250 3.245892 5.042413 11.532335 6.577233 1.811190 1.728302 0.576489 1.607230
0.000000 26.953125 22.265625 11.626398 3.252644 3.213761 0.924105 1.851702 2.693618 0.795815 0.987668
0.000000 19.921875 22.265625 5.899463 6.041490 1.668930 3.861263 0.592088 0.593951 0.808621 0.233063
0.000000 19.531250 32.421875 4.851725 5.663140 1.953915 2.802117 1.939246 1.121545 2.379762 0.769738
0.000000 19.531250 27.343750 22.063963 8.590985 3.376510 2.401648 0.540167 1.054257 0.582077 0.251690
0.000000 16.015625 28.906250 6.339746 2.970221 1.201872 2.115499 1.227017 1.130393 0.585103 0.552041
0.000000 19.921875 30.078125 4.561618 5.736016 6.796559 3.475929 2.377899 1.812587 1.127366 0.591157
0.000000 20.703125 30.078125 9.616138 3.741588 1.016771 1.732726 0.892207 0.881264 0.718283 0.306172
0.000000 23.828125 26.953125 2.411893 2.501998 0.322005 1.253327 2.084766 0.654254 0.900356 0.256114
0.000000 25.000000 27.343750 1.446577 2.188608 2.969988 0.317115 0.922242 1.413049 1.169974 0.918051
0.000000 25.781250 21.875000 2.865214 7.756520 1.982087 0.202330 1.197914 1.338543 0.898493 0.234228
0.000000 25.000000 21.875000 2.787681 5.854527 2.017012 1.749024 1.316890 1.059379 0.731787 0.406289
0.000000 25.781250 21.093750 2.518762 4.077097 1.084991 0.664033 1.041451 1.188135 1.310371 0.505941
0.000000 24.609375 24.609375 1.102686 1.284527 5.129026 1.858221 1.109904 1.447042 0.654487 0.585336
0.000000 25.781250 31.250000 4.012138 2.005836 5.231472 1.387671 1.227949 1.621200 0.768341 0.576256
0.000000 26.171875 35.546875 4.668254 3.029127 5.209586 4.941365 2.305489 1.652399 0.814674 0.766711
0.000000 28.906250 37.500000 8.784933 2.412125 1.249136 1.158100 2.097571 1.619570 0.586268 1.441222
0.000000 30.468750 31.250000 2.731103 5.448470 1.218170 2.253568 3.302703 2.326909 0.806525 0.842614
0.000000 26.953125 23.828125 15.075319 4.536705 0.957865 0.203727 0.290573 0.469852 0.129454 0.191387
0.000000 27.343750 23.828125 7.012859 1.906417 3.871042 1.452630 1.182314 1.098728 0.869855 0.886153
0.000000 22.265625 21.875000 8.729286 3.911555 2.226559 0.909902 7.100170 0.680331 0.682427 0.827946
0.000000 21.093750 27.343750 18.205261 3.103865 7.719966 2.018409 1.393957 1.908746 0.818167 0.540400
0.000000 19.531250 30.078125 121.070072 7.577240 1.983251 1.271721 0.949716 0.600470 0.246335 0.119442
0.000000 21.875000 26.171875 1.129229 1.975801 0.728527 1.385109 0.928761 1.089182 0.602100 0.970904
0.000000 25.000000 30.078125 1.524808 2.176967 1.797220 1.400476 1.566252 1.077075 0.775559 0.583706
0.000000 18.359375 24.609375 1.232605 8.840580 2.590707 1.576496 1.341803 0.387896 0.294531 0.586500
0.000000 22.265625 28.906250 3.068475 3.254274 2.253102 2.625166 0.666827 1.198612 0.872649 0.986271
0.000000 15.625000 25.000000 4.263362 18.823193 4.517846 0.805128 3.015390 1.368811 0.292435 0.582775
0.000000 13.281250 24.609375 1.251930 6.698538 3.144145 2.486864 1.933426 1.334585 0.403961 0.568805
0.000000 25.000000 20.703125 1.528533 3.210036 0.418164 0.452856 1.023524 2.183486 0.756932 0.592554
0.000000 25.000000 16.796875 2.285931 4.316913 0.652391 1.391862 0.785571 0.911066 0.794651 0.610715
0.000000 36.328125 16.015625 2.181157 2.546934 0.120373 0.986271 0.874046 2.689194 0.530854 0.709435
0.000000 34.375000 14.843750 1.216773 5.522510 2.333429 0.996282 1.234002 0.686618 0.509899 0.804663
0.000000 31.640625 18.750000 1.156935 4.631467 1.079636 1.843087 1.445645 2.366025 1.063105 0.286615
0.000000 34.375000 16.015625 3.918074 5.239155 0.934349 0.487082 0.388594 1.827721 1.079636 0.610948
0.000000 26.171875 21.093750 5.256850 3.837515 2.973713 1.452165 1.240987 0.913860 0.523170 0.537140
0.000000 31.250000 22.265625 9.393319 3.907131 1.141103 3.445195 1.227949 1.714798 0.571366 0.462867
0.000000 31.640625 21.093750 1.223991 1.830515 0.158790 1.360895 2.843095 1.304550 0.952743 1.275213
0.000000 30.078125 25.781250 1.202337 2.573244 1.809094 0.950182 1.238426 1.035398 0.764150 1.114095
0.000000 32.812500 25.781250 2.234243 1.481734 1.381384 2.144603 1.438661 1.171837 0.467757 0.793952
0.000000 31.640625 21.093750 7.521594 6.902730 0.888249 0.852626 0.948319 1.663808 2.664747 2.047513
0.000000 33.984375 16.015625 3.907131 2.183719 0.115717 0.205589 1.410954 1.236564 0.411179 0.369037
0.000000 33.984375 17.187500 7.905066 2.466375 3.245426 0.683591 1.443317 1.312466 0.999309 0.584172
0.000000 35.546875 13.281250 3.713183 6.235437 1.978595 0.570668 0.760192 2.971850 0.624219 0.515953
0.000000 35.546875 17.187500 2.563698 2.268702 0.798376 1.946464 1.391862 0.938773 1.301989 0.711763
0.000000 35.546875 24.609375 3.856141 4.826812 2.965098 0.959961 1.366949 4.002824 0.584871 0.463333
0.000000 35.156250 21.875000 3.349036 4.773727 1.479406 1.756474 0.907807 1.668232 0.638887 0.639586
0.000000 32.421875 26.171875 1.271954 3.958819 2.773013 2.238899 1.027016 1.721550 2.010260 0.245636
0.000000 36.718750 21.875000 1.067529 3.400259 0.435393 1.152745 1.787907 2.808170 1.058215 0.751577
0.000000 35.156250 23.828125 4.656846 1.801178 2.997927 1.772540 3.035180 1.706416 0.800472 0.706874
0.000000 32.812500 24.609375 3.441470 6.535091 1.434470 3.353460 2.635876 1.249602 0.863336 0.359491
0.000000 34.375000 25.000000 1.109904 2.711546 1.283828 3.748573 1.852401 1.973240 0.437722 0.481494
0.000000 29.296875 30.078125 4.581641 2.277084 0.264728 2.244720 1.054956 0.878936 1.126667 0.406522
0.000000 31.640625 30.468750 3.897818 0.735279 2.530171 0.911532 0.916189 1.952751 0.770437 0.557629
0.000000 35.546875 28.906250 1.450535 3.195368 1.169508 1.276610 3.261259 1.563225 0.565546 1.641456
0.000000 33.984375 25.781250 3.491761 7.049181 0.875909 3.245426 1.684297 1.553912 1.042848 0.766013
0.000000 31.250000 25.781250 36.115525 11.954922 5.919719 4.096190 2.781861 2.030283 0.817934 0.844244
0.000000 26.953125 25.781250 10.119285 1.911307 1.961831 2.093846 1.464505 1.290347 1.895009 0.610715
0.000000 27.343750 23.828125 10.864343 4.910631 0.417931 1.112465 1.070788 2.214918 0.793487 0.671251
0.000000 25.000000 25.000000 8.386327 6.280374 3.993278 1.151580 1.968583 0.963453 0.790926 0.493135
0.000000 30.468750 24.609375 5.685491 4.909467 2.070796 3.356021 1.508510 3.356254 0.612345 0.335276
0.000000 26.953125 20.703125 30.035386 12.897886 2.962304 2.968824 3.422378 1.848210 2.044486 0.565546
0.000000 20.703125 24.609375 0.995817 6.465940 2.662651 1.137843 1.315959 0.780448 1.174398 1.562526
0.000000 22.265625 26.953125 4.376750 2.527842 3.372086 1.138309 0.379048 0.941800 0.867294 0.696862
0.000000 17.187500 26.953125 6.908085 5.182577 4.094094 0.412809 1.340639 1.091044 1.142500 0.434928
0.000000 23.828125 29.296875 1.180219 2.079643 1.831912 1.007225 0.938773 2.091052 0.872882 0.515953
0.000000 26.171875 32.421875 10.702992 5.490147 4.168367 3.054505 0.932952 1.799781 1.143897 0.525499
0.000000 23.437500 24.609375 4.096655 13.284851 1.412118 1.354143 1.918059 1.077075 0.379980 0.826083
0.000000 31.250000 25.000000 8.276431 0.465894 1.978595 0.545057 1.134351 1.940643 1.712469 0.596046
0.000000 25.781250 24.609375 3.951602 6.116694 3.316440 2.613524 5.513197 1.599314 0.910368 0.522006
0.000000 24.609375 22.265625 11.182157 6.134156 3.121560 1.876149 2.043089 1.119915 0.675209 0.461238
0.000000 21.093750 22.265625 59.787184 28.518494 3.949273 1.932262 3.380468 1.085922 0.813976 1.150416
0.000000 14.453125 18.750000 2.285698 6.479910 1.558335 0.731088 1.082895 1.305947 0.333181 0.685686
0.000000 17.187500 19.921875 1.217471 1.639826 1.790235 0.969041 1.253560 1.235167 0.958331 0.346219
0.000000 17.187500 23.437500 3.416091 3.836816 5.606795 2.318062 1.478940 1.323409 0.379281 0.760425
0.000000 23.437500 31.250000 1.305016 2.794201 3.978843 2.663815 0.993023 1.068925 1.069624 0.431435
0.000000 23.828125 33.984375 4.682457 5.688053 1.658686 2.046581 0.502681 1.442619 0.463799 0.932952
0.000000 16.796875 29.296875 22.030436 24.009729 2.565561 3.495254 2.328772 1.420733 1.402572 0.577886
0.000000 18.750000 27.343750 2.753688 1.610024 3.406778 0.362750 1.275213 1.014909 0.454718 0.325730
0.000000 17.187500 26.953125 2.618413 2.251938 2.218876 2.114102 1.389068 0.556465 1.092209 0.468455
0.000000 14.843750 27.343750 6.104819 4.961621 1.607230 1.806766 0.953441 0.770437 1.735054 0.520609
0.000000 15.625000 26.953125 10.133022 6.336486 0.714557 0.759726 0.598608 0.422122 0.233762 0.093132
0.000000 17.187500 23.828125 3.651250 1.699897 1.315726 0.593485 2.727378 1.082430 0.299653 0.641681
0.000000 17.187500 26.171875 7.297611 2.339249 2.473127 6.167451 0.751344 0.945060 0.630273 0.300584
0.000000 20.703125 30.078125 0.707805 1.772773 3.621913 1.037959 1.216074 1.191162 1.145760 0.891276
0.000000 27.343750 36.328125 1.511769 0.695698 1.356471 1.450768 1.064967 0.964617 0.581844 0.529923
0.000000 23.437500 39.062500 2.973247 3.202353 1.435867 2.509216 1.169974 0.676373 0.517583 0.853557
0.000000 26.953125 29.296875 1.471490 3.217952 0.590226 0.334810 1.144595 0.980683 0.504078 0.301283
0.000000 31.250000 25.000000 4.786532 1.540640 0.691041 0.959262 0.964152 1.390697 0.506407 0.422355
0.000000 30.468750 25.781250 0.859378 0.949949 2.530869 0.946224 1.008157 1.201872 0.568572 0.477768
0.000000 31.640625 21.875000 8.210773 6.836373 0.752509 2.237502 0.987668 1.077307 0.676606 0.356697
0.000000 30.468750 27.343750 0.857748 2.022833 2.984656 0.535743 0.747619 1.068693 0.837259 0.208616
0.000000 26.171875 29.296875 3.108522 6.669667 3.272900 1.768349 1.806999 1.798151 0.443077 0.415603
0.000000 19.531250 26.953125 4.383968 10.620803 0.981847 7.759314 0.764849 1.174863 1.122942 0.899658
0.000000 19.531250 27.343750 2.590939 3.241701 1.313165 0.720611 1.749489 0.636093 0.561355 0.528293
0.000000 17.187500 24.609375 24.174573 20.639738 4.533445 3.226101 1.044944 3.160443 1.273118 2.035405
0.000000 18.359375 26.171875 13.823621 2.165325 1.201406 2.854969 1.183245 1.072884 0.545289 0.630273
0.000000 14.453125 23.437500 23.830216 9.924872 1.987908 0.873115 0.769738 0.325963 0.165077 0.205357
0.000000 16.796875 23.828125 1.488021 2.407935 0.041677 1.869397 0.538537 0.934349 1.023291 0.540167
0.000000 14.453125 26.953125 3.751367 5.960232 2.645189 3.248453 1.108972 0.769505 1.169508 0.422588
0.000000 13.281250 23.828125 3.276626 6.922288 2.320157 1.326669 0.752043 1.353910 0.652391 0.656582
0.000000 21.875000 23.828125 3.020046 3.899680 0.673346 1.332723 2.091983 1.266366 0.789762 0.726897
0.000000 20.703125 21.093750 5.069189 8.927658 2.185348 1.763925 4.605623 1.936452 0.810018 0.718283
0.000000 22.265625 19.531250 3.300840 8.400530 2.441695 2.441695 2.560206 1.401175 1.566717 0.501983
0.000000 23.437500 18.359375 4.980946 5.103648 1.512468 0.886386 1.167646 1.191162 0.697561 0.986271
0.000000 22.265625 19.921875 2.522022 3.990252 0.932720 2.378831 1.593959 1.298031 0.601634 0.389991
0.000000 21.875000 26.171875 0.735512 3.641704 6.613089 0.826083 1.068925 1.515495 0.480562 0.461238
0.000000 22.265625 23.437500 3.088964 5.394220 1.079869 0.443310 1.127599 0.927830 1.281966 1.123408
0.000000 17.187500 21.875000 4.075468 19.841827 2.628425 2.570450 1.670560 1.020031 0.463333 1.363689
0.000000 11.718750 16.796875 112.655573 52.910065 1.958339 6.185146 10.909280 3.363239 0.910833 1.146691
0.000000 17.187500 8.984375 5.756505 1.933658 0.378583 0.433996 2.556015 1.199311 1.867767 0.377186
0.000000 14.453125 13.281250 36.240323 17.966377 6.256392 6.861286 1.936685 2.000015 0.654720 0.635395
0.000000 21.875000 17.187500 12.984499 2.668705 4.581874 0.302913 3.277790 1.676613 3.147172 0.840053
0.000000 25.781250 23.828125 1.327600 1.630280 1.392793 1.809793 2.068700 0.640750 0.977889 0.422820
0.000000 21.875000 30.468750 9.879237 5.735550 5.535083 1.361361 0.994885 2.630055 0.661472 0.456115
0.000000 17.187500 25.000000 4.412141 13.692537 1.020264 1.680804 2.496177 0.381842 0.666361 0.473810
0.000000 11.718750 25.000000 138.984062 11.496479 6.369548 2.356712 1.088018 1.332257 0.573462 0.559259
0.000000 10.156250 24.609375 23.340806 27.519185 13.057841 11.065742 7.225666 4.166737 2.327142 0.390457
0.000000 11.718750 23.437500 717.973337 8.240808 6.790971 4.275935 6.041490 6.208196 4.368369 1.160428
0.000000 23.828125 28.906250 1.259614 1.205131 1.199776 1.101522 1.365552 0.966247 1.221197 0.548549
0.000000 27.343750 28.906250 0.959262 3.885711 2.078246 1.743203 1.364155 1.640990 0.708271 1.121080
0.000000 24.609375 28.906250 2.160436 8.676434 3.881752 2.794666 3.105262 0.584871 0.727596 0.575325
0.000000 21.875000 30.078125 3.309920 3.648456 4.798174 1.010951 2.057990 1.669861 0.740169 0.358792
0.000000 22.265625 30.468750 0.779284 1.924578 2.802117 0.502449 0.690343 1.639593 0.609085 0.294996
0.000000 22.265625 27.343750 7.032650 4.569767 1.965323 0.498258 1.445180 1.450069 0.416767 0.442611
0.000000 32.421875 25.000000 1.634005 2.307119 0.530854 0.744360 0.746921 1.118053 0.783708 0.660541
0.000000 31.640625 21.093750 8.572359 5.672220 1.475448 0.951812 0.947621 1.364155 0.247732 0.405824
0.000000 25.000000 15.625000 14.545629 6.810762 0.751112 0.623753 0.289408 0.625849 0.251457 0.069384
0.000000 26.171875 21.093750 1.317356 0.729226 3.922498 0.674045 0.516651 1.647510 1.187203 0.471715
0.000000 18.750000 28.906250 3.506429 2.971152 9.146053 0.554137 2.295710 0.550412 1.027947 0.563450
0.000000 18.359375 31.250000 1.009554 4.946487 4.908536 0.382774 1.591165 1.547392 0.399072 0.612577
0.000000 16.796875 37.890625 5.678972 6.778864 8.394942 0.696629 2.301997 0.945525 0.332249 0.283355
0.000000 16.015625 29.296875 1.072884 6.315531 0.235857 1.339009 1.630280 1.825625 0.227941 0.450294
0.000000 24.609375 26.953125 4.763948 1.063803 3.309920 0.551343 1.274981 1.747860 0.878004 0.409549
0.000000 23.437500 31.250000 3.236113 1.361128 2.883142 0.992790 0.545522 0.510132 0.759494 0.676839
0.000000 28.906250 29.296875 0.851229 1.209555 0.735512 0.837026 0.824453 0.589062 0.653323 0.740169
0.000000 28.906250 34.375000 0.844942 2.464745 1.535285 1.091277 1.262873 1.178123 0.614673 0.681030
0.000000 23.828125 35.156250 2.070796 3.451481 5.398644 0.643544 0.694534 0.979053 0.324799 0.507571
0.000000 26.171875 29.296875 5.753012 3.556488 0.945060 1.270557 0.935746 1.122011 0.453321 0.341330
0.000000 22.265625 24.609375 1.197681 3.874768 0.299653 0.810949 2.171379 0.409316 0.521541 0.297558
0.000000 22.265625 23.437500 1.307810 1.559034 0.778819 0.450993 1.181616 0.706874 1.033535 0.274274
0.000000 25.781250 19.921875 3.495486 2.148561 2.261018 0.485685 1.831446 1.200940 0.915490 0.682892
0.000000 21.875000 24.609375 3.695022 1.974870 4.228670 1.581153 1.320848 0.652624 0.254950 0.479398
0.000000 30.468750 28.906250 1.835637 1.177657 1.552049 0.216998 0.834931 1.736451 0.830507 0.278465
0.000000 31.640625 31.250000 3.231922 1.304317 0.070781 1.754379 0.277534 0.966713 0.679633 1.383480
0.000000 26.953125 35.156250 12.970297 3.684778 3.239140 4.513655 1.731561 0.906177 0.401633 0.680098
0.000000 27.343750 31.250000 4.942995 11.787051 4.822854 2.696412 0.805594 1.618173 1.062173 0.409083
0.000000 23.828125 30.078125 3.685476 1.799082 0.473112 0.796281 1.058914 0.754371 0.490341 0.409083
0.000000 25.781250 23.828125 7.614726 5.266396 0.903383 0.535510 0.574626 3.415160 0.482192 0.516186
0.000000 27.343750 15.625000 1.344830 5.757669 0.750646 0.612810 1.718523 0.906410 0.944128 0.311527
0.000000 30.468750 13.671875 4.720176 4.291069 2.199551 0.840751 3.204681 1.224689 0.908505 0.295695
0.000000 25.781250 11.328125 6.320886 5.712034 0.558328 1.141569 2.935529 0.618631 0.505010 0.995351
0.000000 18.750000 19.921875 0.924570 5.026115 10.342803 0.816770 0.499189 1.603272 0.394182 1.318054
0.000000 17.187500 25.000000 5.778158 6.714370 3.216090 2.248213 1.202570 1.238892 0.255881 0.292202
0.000000 16.796875 26.171875 4.030066 5.271984 1.279870 1.707114 0.728294 1.042150 0.990229 0.537606
0.000000 18.750000 27.343750 107.175903 7.524621 2.237037 0.322703 0.555534 1.352048 0.711530 0.536907
0.000000 17.187500 22.265625 7.332303 9.635231 1.481036 3.507128 1.384877 1.033768 1.518987 0.309432
0.000000 16.796875 23.828125 75.238058 4.689209 4.154397 1.472421 0.753673 0.939006 0.399770 0.981148
0.000000 16.015625 23.828125 14.704885 3.336696 0.902452 1.202105 1.002336 0.539701 0.456115 0.133412
0.000000 11.718750 21.875000 112.411100 60.978578 5.992595 5.657086 3.186753 3.622612 0.540167 1.162523
0.000000 20.703125 19.921875 1.819106 4.049158 1.049833 0.854954 1.291512 3.222376 2.471497 1.134351
0.000000 21.093750 14.453125 19.673957 4.245201 0.429573 0.573462 0.188127 0.573462 0.194414 0.155997
0.000000 20.703125 9.375000 6.561633 17.568469 0.756932 1.487788 1.422362 1.849374 0.524102 0.334578
0.000000 19.921875 11.718750 6.146263 14.866935 5.070586 1.482898 2.137385 0.872416 0.886852 0.567175
0.000000 8.203125 11.718750 182.111980 22.829045 2.616318 3.722031 3.121793 0.993954 1.053791 0.713859
0.000000 10.546875 11.718750 15.004072 9.360490 1.837034 1.550652 4.428439 2.835179 0.817468 1.456589
0.000000 9.375000 18.750000 21.781540 4.945556 2.471497 1.415377 1.476845 0.647735 0.233529 0.356697
0.000000 18.359375 16.015625 8.416362 2.644723 0.240514 0.669854 0.901287 0.983011 0.443775 0.405591
0.000000 18.750000 19.921875 18.870458 8.683885 3.149733 3.352994 1.590233 0.551343 0.821194 0.505010
0.000000 19.531250 23.828125 4.646368 1.405366 1.322245 1.101755 2.067070 1.021195 0.747619 0.672182
0.000000 25.781250 20.703125 2.455432 4.508765 0.632834 1.538778 2.079876 2.235407 0.665197 0.953441
0.000000 21.093750 20.703125 18.477440 18.096529 1.620734 2.723187 1.984881 2.017245 1.253095 1.299661
0.000000 21.093750 18.359375 224.167714 47.212001 8.752570 9.725802 5.603768 2.767891 2.165558 0.973931
0.000000 17.187500 14.453125 11.007302 8.914620 1.870561 0.469387 1.101056 1.138076 0.571599 0.239350
0.000000 13.671875 19.921875 1.434935 2.520857 3.333902 1.439126 1.360429 0.944361 1.363689 0.484753
0.000000 16.015625 23.437500 12.812205 5.663140 1.488021 3.502239 2.303626 1.755543 0.744592 0.616070
0.000000 21.093750 22.265625 22.846507 10.365155 1.340173 3.583264 4.420988 2.413057 0.425847 0.754837
0.000000 14.843750 25.000000 30.458206 38.671773 15.704194 1.299195 1.869630 1.194654 0.413973 0.879169
0.000000 6.250000 16.796875 478.791539 49.603870 2.121553 3.912719 0.634231 0.982312 0.555534 0.925967
0.000000 8.203125 16.796875 3.722962 2.347631 2.794433 1.129461 4.872214 1.468230 0.455650 0.436325
0.000000 8.984375 20.703125 4.420755 7.506926 5.962793 4.308997 0.879401 3.109686 0.916421 0.309199
0.000000 18.359375 16.796875 4.160451 5.066628 0.427943 0.456348 0.587897 0.958797 0.600703 0.488246
0.000000 26.171875 23.828125 13.952609 4.016329 4.833797 1.396285 2.776273 1.341105 0.393717 0.595814
0.000000 19.921875 21.093750 4.507368 9.311130 2.901768 0.182074 1.606997 0.692671 0.465196 0.423286
0.000000 14.843750 20.703125 10.624062 5.509472 4.067551 0.585336 0.484288 0.487547 0.308268 0.546221
0.000000 15.625000 23.437500 3.969995 15.354482 2.831221 2.561836 0.697095 3.615627 0.687316 0.341563
0.000000 14.843750 22.265625 3.920402 5.355105 3.273832 1.901994 1.090579 1.246110 0.661006 0.701053
0.000000 16.796875 24.609375 2.850080 5.144393 3.030291 0.518281 1.773937 0.838423 0.453088 0.752043
0.000000 19.921875 28.906250 5.625887 3.455440 10.891818 2.738321 1.786742 1.711305 0.265194 0.612810
0.000000 13.671875 36.718750 1.332257 2.695713 6.079441 4.858244 1.546927 0.649830 0.398373 0.344589
0.000000 16.015625 36.718750 0.769040 2.355082 2.265675 0.482891 0.566710 1.012813 0.758795 0.681262
0.000000 19.921875 39.062500 1.308508 0.785105 4.719477 2.718065 1.012115 1.933426 0.537839 0.433996
0.000000 25.000000 37.500000 2.342975 1.751585 0.534579 1.686160 1.659384 1.329230 0.720145 0.625383
0.000000 35.546875 30.468750 10.401476 2.456130 0.311062 1.405133 0.867294 2.152752 0.819331 0.570901
0.000000 34.375000 27.343750 78.275567 1.804205 0.668690 0.310596 0.890577 0.407919 0.125729 0.102445
0.000000 27.343750 21.875000 18.102815 5.137408 1.025153 1.710607 0.477536 0.473112 0.149012 0.208616
0.000000 23.828125 23.828125 11.438038 4.156260 4.911330 1.404900 1.853798 1.375563 1.698034 0.327826
0.000000 18.750000 29.296875 5.715061 1.314096 6.292947 0.318512 2.999324 1.275912 0.332016 0.947854
0.000000 20.703125 31.250000 3.454741 4.715752 3.699679 1.400942 1.331093 2.534827 1.878943 0.550644
0.000000 25.000000 27.343750 5.117850 7.956056 0.857981 1.473818 2.284069 1.516892 0.800937 0.624452
0.000000 26.953125 27.343750 1.412816 2.544140 2.917368 0.841450 1.171138 1.451233 0.626314 0.314554
0.000000 19.921875 20.703125 65.130647 18.955208 2.229586 2.507120 1.744134 0.626780 0.301050 0.160187
0.000000 17.187500 19.921875 59.193233 13.278564 2.767891 5.369307 1.650304 2.879184 0.530388 0.531552
0.000000 19.921875 19.531250 3.381167 3.967201 0.206055 0.771368 0.929693 1.319917 0.926899 0.182772
0.000000 18.359375 16.796875 118.235126 5.518552 3.967201 0.701053 4.712958 1.455890 1.058215 0.482891
0.000000 21.875000 14.843750 101.894140 26.083784 1.597218 2.317829 3.866851 2.086163 0.379747 0.618398
0.000000 21.875000 17.187500 10.543736 4.087109 3.662659 2.790708 1.400942 1.508975 1.723878 0.598375
0.000000 20.703125 19.531250 8.970499 7.145107 1.015607 1.675682 0.697561 1.792796 1.029344 0.744592
0.000000 21.875000 18.359375 1.735520 3.518537 0.510365 0.964617 1.003500 0.903849 1.583714 0.592787
0.000000 26.953125 21.093750 1.279637 3.697816 1.150649 0.828411 1.435867 1.319684 0.738539 0.510132
0.000000 25.781250 20.703125 1.541805 2.802815 4.054513 1.242617 3.279652 0.788597 1.343898 0.636559
0.000000 24.609375 24.609375 26.673079 8.021714 3.574882 5.451497 2.805842 2.160436 0.796746 0.338303
0.000000 26.171875 25.781250 520.352041 26.852358 16.121892 6.942311 14.135381 16.809208 4.457776 2.007931
0.000000 23.828125 30.078125 5.807495 7.692957 4.385831 4.856382 1.510605 2.119457 0.313390 0.600470
0.000000 26.171875 28.906250 8.959090 6.965594 4.205853 2.894318 2.042856 2.746936 0.337372 0.413740
0.000000 27.343750 26.171875 0.801869 3.622845 1.982553 1.591165 3.273133 1.429813 1.399079 0.725035
0.000000 19.531250 26.953125 0.642147 8.666422 2.527842 1.306180 0.506872 0.547152 0.574160 0.772765
0.000000 16.796875 25.781250 12.066914 5.136942 2.102228 1.681270 0.655418 0.702916 0.983942 0.355532
0.000000 14.453125 21.875000 64.411899 8.793082 1.512235 0.955071 1.257984 1.158100 2.027489 0.701752
0.000000 17.187500 25.781250 292.370096 4.387228 13.165176 8.700183 5.315291 8.904841 1.259614 1.420733
0.000000 19.921875 30.078125 119.878678 5.307607 3.565336 7.617520 2.271030 1.459382 0.756932 0.898261
0.000000 19.531250 24.609375 18.887455 28.223265 3.278954 1.391396 1.905253 1.812587 1.188368 0.487780
0.000000 13.281250 23.437500 76.781260 43.768436 3.240304 5.071750 2.539251 1.202803 0.929227 0.579748
0.000000 5.468750 20.703125 9.167241 7.371651 2.363930 3.095483 1.152279 0.873813 0.676140 0.732252
0.000000 2.734375 17.187500 18.140301 16.101170 7.128110 2.427725 1.777662 1.020031 1.253560 0.460306
0.000000 3.125000 19.921875 4.566042 6.028451 1.254724 1.066830 2.290355 0.581145 0.859145 1.095701
0.000000 11.328125 23.437500 5.287118 2.712710 0.687316 1.212582 0.915956 0.757165 0.654720 1.128996
0.000000 10.546875 25.781250 1.465203 5.364884 3.416324 5.791662 1.520384 0.840519 0.645407 0.551576
0.000000 16.015625 25.000000 4.562782 8.583767 4.531583 1.335982 1.216540 2.134126 1.149951 3.760913
0.000000 20.703125 27.343750 2.588844 1.581386 1.923414 0.581844 3.061723 0.892207 2.117595 1.514563
0.000000 20.703125 26.171875 7.729512 2.993969 0.969740 0.508269 1.008157 0.726897 0.441913 0.487547
0.000000 30.468750 20.703125 17.456710 2.339482 0.879634 0.559026 1.843087 2.112007 0.830041 1.402572
0.000000 30.468750 21.875000 42.583793 1.186039 1.188833 0.281259 0.344124 0.358559 0.570202 0.152038
0.000000 29.296875 19.531250 3.015390 4.493399 0.130152 1.338078 1.514563 0.951579 0.889879 0.637490
0.000000 30.078125 19.921875 10.938849 3.770227 1.171837 1.099659 0.676373 1.177657 1.174165 0.342261
0.000000 23.828125 25.000000 6.706221 5.764421 4.556729 3.034016 1.645647 1.681969 0.833301 0.681961
0.000000 26.171875 23.437500 12.483448 2.042856 1.682434 0.667525 1.974404 1.135748 0.607455 0.298489
0.000000 18.359375 23.828125 20.104228 20.222738 3.861729 2.120156 3.769994 0.604894 0.410015 0.342960
0.000000 19.921875 25.781250 14.253426 3.024703 1.983717 1.822831 0.433763 1.915265 0.570202 0.503380
0.000000 22.265625 25.781250 3.077090 1.863576 1.395121 1.354143 0.370434 1.064269 0.558561 0.470318
0.000000 21.093750 24.609375 2.859859 2.157176 0.947388 0.494765 1.196517 0.661239 0.636326 0.471948
0.000000 29.296875 26.171875 6.065005 9.582611 2.968824 2.914341 2.821907 2.785819 0.539701 0.643544
0.000000 20.703125 27.343750 6.595394 5.571404 3.904337 2.298970 0.638189 0.426080 0.296161 0.134343
0.000000 16.015625 24.609375 5.857553 9.783078 1.693377 1.900131 0.796746 1.225621 1.340639 0.713859
0.000000 16.796875 19.531250 2.767192 3.769295 0.424450 0.334345 2.259854 0.857981 0.868691 0.787200
0.000000 15.625000 23.828125 2.406305 1.998618 1.970446 2.835179 1.047039 0.783242 0.440981 0.763452
0.000000 19.531250 18.750000 23.372006 4.324829 0.712462 0.519445 0.306871 0.538770 0.135275 0.109430
0.000000 19.921875 19.921875 6.483402 7.422175 2.023065 2.438435 0.614906 1.130858 0.393484 0.696862
0.000000 23.828125 25.000000 3.410736 2.949964 1.765089 0.991160 1.521548 2.582790 1.245411 0.574160
0.000000 25.781250 20.703125 5.727634 6.719492 1.435634 2.612127 1.811190 2.359739 0.474975 0.380911
0.000000 25.000000 23.828125 8.478994 6.049406 2.751593 2.113637 2.710149 0.906410 0.614207 0.415836
0.000000 28.906250 20.703125 2.325745 4.865462 0.987435 0.611646 1.007924 1.274981 0.584871 0.775792
0.000000 23.437500 19.921875 3.520632 6.609829 2.007466 1.179054 1.473585 1.322944 0.754371 0.254251
0.000000 23.828125 23.828125 35.102479 2.466375 3.890367 0.881962 0.678468 1.878478 0.695698 0.429340
0.000000 25.781250 22.265625 8.607283 8.727191 1.758337 2.548797 1.955545 1.835870 0.795117 0.742497
0.000000 32.421875 23.437500 1.170440 1.467764 1.191394 0.232365 1.230277 2.812827 1.037493 0.323867
0.000000 33.984375 23.437500 0.913627 2.687564 1.243316 0.504544 1.013745 1.061475 1.251698 0.929926
0.000000 30.468750 21.093750 2.915272 2.761604 1.264969 1.615379 1.704786 0.633299 0.738772 0.844710
0.000000 26.171875 19.921875 13.448298 7.596100 1.794891 0.938075 1.549488 0.709901 1.111999 0.479631
0.000000 17.187500 19.531250 8.362578 2.831453 0.435160 0.351574 0.491040 0.357628 0.168802 0.240514
0.000000 17.187500 21.093750 5.457085 5.296897 4.475238 1.144130 1.475913 2.628192 0.670319 0.293367
0.000000 16.796875 25.000000 1.531094 1.791632 5.887588 0.830740 1.721084 0.834232 0.418164 0.379281
0.000000 21.093750 23.437500 3.247056 4.829140 0.120141 1.125503 1.593027 1.081033 0.628876 0.388362
0.000000 19.921875 25.000000 2.335990 6.556045 2.659159 0.257278 0.775559 0.680331 1.273816 0.494765
0.000000 18.750000 21.875000 12.666686 9.740004 2.731336 0.942964 1.723412 2.790475 1.181383 0.323635
0.000000 15.625000 19.921875 31.027943 14.861580 14.804536 1.403037 1.055421 1.353445 1.514331 0.857981
0.000000 10.546875 21.875000 38.921367 14.985679 1.940643 2.396060 1.300825 1.390697 0.676140 0.621891
0.000000 13.281250 25.000000 3.556954 3.658934 4.181173 2.118526 2.603745 1.188833 0.451924 0.491273
0.000000 6.640625 26.171875 78.205718 3.772089 0.934582 0.686152 0.464031 0.235857 0.125729 0.153901
0.000000 11.718750 22.265625 1.791399 4.371861 1.876382 0.644010 0.876375 0.959961 0.577420 0.417698
0.000000 18.359375 22.265625 2.698041 3.817957 0.783475 1.121312 2.693851 1.604436 0.514323 0.617700
0.000000 24.609375 18.359375 1.860550 3.368594 0.937376 0.925269 0.814674 2.692221 0.291271 0.620959
0.000000 31.250000 14.843750 3.602356 5.033566 0.085915 1.031673 0.706408 1.207227 0.661472 0.584172
0.000000 35.156250 16.796875 1.806999 1.246110 1.783483 0.997679 0.693137 1.710607 0.854721 1.074513
0.000000 30.078125 19.531250 1.084292 11.660624 4.805159 1.154840 0.913860 1.412118 0.788365 0.839587
0.000000 28.906250 21.093750 5.021691 3.102235 0.668690 1.997920 0.570901 2.215616 0.675675 0.588829
0.000000 30.078125 27.343750 1.000008 2.679881 2.640299 1.136679 0.500819 2.016779 0.689644 1.212349
0.000000 25.781250 21.093750 6.375369 6.685732 0.722008 0.732718 2.641231 1.268229 1.149718 0.739936
0.000000 26.171875 19.921875 44.625485 4.097819 1.377193 0.386033 1.304783 0.527827 0.224449 0.107335
0.000000 23.828125 17.187500 3.804686 3.419816 1.301290 0.519445 2.219109 1.066597 0.783475 0.252388
0.000000 22.265625 17.187500 2.832152 2.406072 2.853107 0.747852 1.237728 1.373701 1.078937 0.644941
0.000000 24.609375 20.703125 3.263587 3.616326 1.516193 0.849366 2.375338 1.339708 0.634231 0.510830
0.000000 24.609375 25.781250 0.431668 6.237533 7.975148 1.190230 0.791159 1.389766 0.963453 0.457279
0.000000 24.609375 30.468750 10.880642 1.523411 2.461020 1.030043 1.833774 1.109438 1.118053 0.967411
0.000000 24.609375 29.296875 23.493543 2.397457 1.149718 0.944827 0.397675 0.970671 0.115018 0.236090
0.000000 20.703125 28.906250 12.665754 8.509494 1.125271 1.876615 1.672655 1.018401 0.782311 0.429340
0.000000 18.359375 23.437500 10.540010 18.260675 4.001893 2.096407 2.232846 0.917353 0.439119 0.590226
0.000000 14.453125 23.437500 5.594222 4.655216 3.045425 1.371605 0.476604 0.821892 0.733184 0.635162
0.000000 6.250000 23.828125 15.730271 3.755558 1.871726 0.808155 0.076834 0.237953 0.151806 0.122236
0.000000 13.281250 22.265625 20.909589 3.217952 0.625616 0.646338 0.822591 1.797220 0.852393 0.459375
0.000000 18.359375 23.828125 96.567674 21.345681 8.883188 2.142740 1.242617 4.327623 0.770902 0.868225
0.000000 19.921875 23.828125 6.662915 1.476845 1.416076 2.625631 3.020745 0.804197 0.544358 0.859844
0.000000 25.000000 23.437500 9.394716 10.087620 4.449394 2.363464 0.742031 1.986278 1.122244 0.489876
0.000000 18.359375 27.343750 2.895249 4.534842 3.746012 1.489650 1.891283 0.754371 0.676606 0.172062
0.000000 19.531250 24.609375 1.187669 4.096190 0.459841 0.524102 0.960194 0.903150 0.806293 0.603497
0.000000 21.093750 21.875000 3.130175 1.360197 0.109663 1.015142 1.035864 0.649597 0.869855 0.422122
0.000000 22.265625 25.000000 9.861775 0.626314 1.663808 2.309214 1.819804 0.889646 0.682659 0.503380
0.000000 21.875000 16.796875 2.807705 12.930017 0.700587 0.511762 1.111999 0.883359 0.909204 0.298955
0.000000 21.093750 18.750000 2.241693 3.954163 0.709668 1.329230 2.938788 0.938307 1.214677 0.475207
0.000000 20.703125 15.625000 50.664647 9.280862 0.861473 1.821434 2.207467 2.390239 0.771601 1.143431
0.000000 18.750000 13.281250 0.503613 3.753230 2.057990 1.530163 1.159497 0.893837 1.000008 1.087785
0.000000 23.437500 18.750000 3.571622 3.672205 1.935754 0.189990 1.131557 1.128530 0.348315 0.450062
0.000000 19.531250 23.437500 0.533415 4.228903 2.769986 1.424924 1.059845 0.497326 0.436557 0.495231
0.000000 18.750000 26.171875 5.281763 2.887798 0.176020 1.689186 1.038890 0.824220 0.557862 0.545522
0.000000 21.875000 26.953125 1.084292 2.575107 2.462883 1.938315 1.163688 1.865439 0.644941 0.204192
0.000000 18.750000 27.343750 4.927395 5.305046 0.252854 3.011432 1.181383 0.694534 0.391155 1.072884
0.000000 23.828125 25.000000 3.901776 4.244968 2.226094 0.300119 0.621425 1.601176 1.220265 0.814442
0.000000 22.265625 27.343750 14.904188 3.227964 5.398644 1.696404 4.856847 1.171837 0.321539 0.441214
0.000000 23.828125 26.953125 5.440321 2.590008 1.054723 2.927147 0.952743 2.612593 0.603031 1.010019
0.000000 28.906250 24.609375 7.895753 6.775139 0.949716 1.409557 2.158806 2.227956 0.672881 0.240514
0.000000 24.609375 24.609375 2.956484 6.430084 1.134584 2.594665 1.941342 0.906643 0.621658 0.838190
0.000000 26.171875 19.921875 1.165317 4.081521 0.680797 0.828644 1.112232 0.920380 0.669854 0.755535
0.000000 23.437500 19.531250 0.569504 1.797220 3.038207 1.199311 3.880356 1.031673 0.842148 0.387896
0.000000 18.359375 21.093750 15.341444 11.475757 1.641456 2.673594 1.674285 1.101056 0.536442 0.427244
0.000000 21.093750 22.265625 11.907890 5.124602 1.893146 3.942987 3.483146 2.185581 0.668690 0.584871
0.000000 15.625000 22.265625 20.656269 20.707725 2.944609 4.226808 7.471070 1.248438 1.215842 0.421191
0.000000 8.203125 19.531250 103.748404 15.517464 3.054505 1.763692 2.323184 0.612577 0.226079 0.343425
0.000000 10.546875 24.609375 3.385358 2.862187 0.453787 5.230075 0.869855 0.986736 1.016539 0.333413
0.000000 3.125000 23.828125 10.509742 18.152175 6.836141 3.185123 1.198845 0.788365 1.973007 0.703614
0.000000 11.328125 27.343750 3.952067 2.451707 2.292451 0.418629 0.472181 1.721550 0.664731 0.400702
0.000000 19.531250 31.250000 2.503861 1.954380 2.153916 1.009088 1.991633 1.051463 0.851462 0.450993
0.000000 19.921875 25.000000 7.182825 6.312504 1.429580 1.026085 1.126435 1.381384 1.601409 0.376487
0.000000 26.171875 27.343750 1.378357 1.018168 1.084991 1.679640 1.299195 0.571599 1.026550 0.496628
0.000000 21.875000 27.343750 2.491986 4.443107 3.153458 2.149958 2.085231 1.159497 0.488246 0.301050
0.000000 21.093750 26.953125 9.540934 4.477566 1.552515 2.569286 1.298031 1.667533 1.526205 0.292202
0.000000 21.093750 26.953125 4.224712 6.532529 1.410255 1.308974 2.326211 1.545530 1.586508 0.717351
0.000000 20.703125 19.531250 8.325092 17.161947 1.187436 1.596287 0.901287 2.439134 1.230510 1.003966
0.000000 18.359375 14.843750 19.286759 4.056375 0.639586 0.198372 0.360189 0.279630 0.455417 0.120373
0.000000 18.359375 14.843750 1.855893 5.240086 2.022134 2.293149 1.190230 1.578592 0.627711 0.510830
0.000000 15.625000 18.750000 1.041917 3.623310 2.527842 1.271954 0.958098 0.748551 0.885921 0.352738
0.000000 13.671875 29.296875 0.696629 2.043089 5.785609 1.013745 0.922009 0.696164 1.060776 0.325730
0.000000 16.796875 32.812500 1.532491 4.503643 2.346467 1.079869 1.199776 1.120847 0.958564 0.354834
0.000000 13.281250 32.421875 38.241269 33.184886 16.051577 1.963926 5.290378 3.009103 0.365311 1.157401
0.000000 16.796875 29.296875 34.363940 1.597451 0.441447 0.288012 0.112224 0.549946 0.430737 0.124099
0.000000 23.437500 21.093750 3.043329 4.907371 1.335051 1.107808 1.267996 2.959045 0.351807 0.306405
0.000000 22.265625 23.828125 3.972324 6.157206 7.235212 1.666136 1.526903 1.626555 0.710599 0.715489
0.000000 30.468750 25.781250 6.027054 1.666369 3.823545 0.631204 3.021210 2.243556 0.940869 0.494998
0.000000 26.953125 27.343750 83.512859 3.049383 1.309207 0.620261 0.204192 0.551343 0.270084 0.302680
0.000000 21.093750 31.640625 8.532079 8.494593 8.432893 0.905246 1.411885 1.847278 0.606989 0.940636
0.000000 20.703125 30.468750 18.374063 12.798468 9.702519 3.047753 2.506189 2.037268 0.439584 0.641216
0.000000 13.671875 31.640625 3.688969 7.174676 4.749047 3.006309 1.686858 1.091277 1.044245 0.551809
0.000000 10.546875 36.328125 4.105736 6.540678 11.738390 5.048234 1.207693 1.419336 0.610948 1.225621
0.000000 13.671875 37.500000 5.057547 3.360910 3.973721 4.539965 2.075685 2.246117 0.762753 0.727130
0.000000 17.187500 35.156250 0.266125 3.578607 0.713160 1.635868 1.212349 1.255423 0.529923 0.800239
0.000000 23.437500 31.640625 2.789777 2.000947 0.510598 0.983477 0.853091 1.003966 0.699656 0.572531
0.000000 27.343750 26.953125 5.136244 1.874752 0.937376 1.501758 1.147855 0.889413 0.766246 0.422355
0.000000 31.640625 24.609375 3.274996 1.179054 2.922490 0.664499 3.513880 2.052635 0.541564 1.025386
0.000000 30.468750 28.906250 1.440058 3.257534 3.125751 1.410721 0.530854 1.402805 0.504777 0.630738
0.000000 34.375000 28.906250 2.200715 1.084758 0.865664 0.859844 1.766486 2.227724 1.338311 1.176726
0.000000 36.328125 26.171875 4.264060 3.016088 0.899425 1.552282 1.440058 1.542736 0.879169 0.350876
0.000000 31.640625 26.171875 0.636093 3.991416 2.720626 0.610482 0.907108 1.223991 0.630505 1.049601
0.000000 32.421875 28.906250 1.773005 0.724802 2.309447 1.130858 1.080334 0.731787 0.427710 0.696862
0.000000 30.078125 29.296875 2.203509 1.007458 0.383239 0.888482 0.837259 1.071952 0.534812 0.762288
0.000000 27.343750 29.296875 3.895024 6.380957 2.527377 0.892440 0.267290 1.624925 0.837492 0.905246
0.000000 29.296875 30.468750 0.742031 1.497101 2.832850 1.785345 2.868008 1.324108 0.593020 0.371132
0.000000 22.265625 20.703125 71.682269 6.118789 0.138534 0.637490 0.463566 0.247732 0.124332 0.226544
0.000000 16.796875 21.875000 13.780082 1.312932 0.671949 0.545522 0.428176 0.257278 0.298023 0.107568
0.000000 16.015625 25.000000 0.683125 5.542301 4.963018 2.550893 1.071719 1.771608 0.810483 0.630273
0.000000 8.203125 16.796875 52.856049 33.366727 3.007008 1.413748 4.763948 1.427019 0.657514 0.631437
0.000000 14.843750 23.437500 0.475207 4.966278 3.642170 1.468230 2.356246 1.596520 0.919215 1.434470
0.000000 13.281250 25.781250 8.863397 6.970018 6.844290 1.876149 1.162756 1.191860 1.201872 0.544591
0.000000 10.156250 23.828125 10.257121 8.519273 0.214670 7.589115 3.240071 1.257518 1.216307 0.639120
0.000000 19.921875 31.640625 5.031237 1.793494 0.464264 3.210967 1.147389 1.917593 1.177192 0.464264
0.000000 21.093750 34.375000 1.992565 1.962995 4.483387 1.045410 2.045650 1.828419 0.786502 0.398373
0.000000 23.828125 32.421875 1.967885 10.958640 8.745817 1.089415 1.029577 2.287328 0.765780 0.971602
0.000000 22.265625 26.953125 56.389254 44.534914 5.692011 3.582099 3.447058 2.905028 1.965789 0.818865
0.000000 19.921875 23.437500 8.942094 3.762776 1.271022 0.516186 0.970438 1.276145 0.842381 0.587199
0.000000 16.796875 21.875000 28.987881 1.911074 0.600703 1.416076 0.549713 0.448665 0.145519 0.305707
0.000000 19.921875 17.187500 5.864538 6.236369 0.406289 1.606764 1.359964 1.942040 0.537373 0.921777
0.000000 25.000000 19.531250 14.407095 7.783528 0.281492 2.905726 0.911532 2.013287 0.957400 0.528758
0.000000 20.703125 21.093750 46.156580 16.681617 0.851927 7.787021 1.500593 1.781853 0.867760 0.995817
0.000000 21.875000 16.796875 23.779692 2.856599 0.579748 0.435393 0.414439 0.655651 0.109430 0.129919
0.000000 21.093750 19.921875 36.671758 6.114133 0.599306 3.255205 0.901520 2.363930 0.922475 1.305249
0.000000 18.750000 22.265625 33.894787 37.764432 19.238563 8.570962 6.305054 5.906448 3.089197 1.766952
0.000000 23.437500 21.875000 8.396339 7.525319 2.865912 1.211884 1.333421 2.593733 1.246808 0.803964
0.000000 22.265625 26.171875 6.639864 2.973247 2.715969 2.417481 2.060318 1.308974 1.259148 1.914334
0.000000 22.265625 26.171875 8.146744 6.542075 2.691988 1.683831 1.117820 2.295012 0.942731 1.295004
0.000000 20.703125 26.953125 38.052443 23.029512 16.702572 1.374632 2.170447 2.095243 1.400243 0.551110
0.000000 18.359375 32.421875 15.299069 6.529037 5.034264 7.947674 0.939006 2.173707 1.091510 0.710366
0.000000 16.796875 30.078125 9.428477 5.943235 0.331318 3.092457 1.488021 1.010718 1.529930 0.978122
0.000000 13.281250 36.328125 3.963709 1.863809 6.615883 2.430752 1.478940 0.925269 1.049601 0.587665
0.000000 16.015625 33.984375 7.758383 10.703458 3.360445 2.630288 2.137152 1.895707 1.738779 0.362517
0.000000 23.437500 27.343750 0.595115 0.966014 0.666594 0.567175 2.118060 1.510605 0.981847 0.836793
0.000000 26.171875 29.296875 5.992362 4.102476 1.350418 2.451008 0.282656 1.900829 1.209322 0.547618
0.000000 25.781250 20.703125 32.828189 12.479024 1.953682 2.788147 1.170440 1.543900 1.118053 0.864733
0.000000 30.468750 19.921875 8.126721 8.605188 2.637273 1.698034 1.405831 4.377449 1.232373 0.701286
0.000000 24.609375 28.906250 4.124129 2.153218 8.116476 1.334818 0.292202 1.574401 1.499662 0.272179
0.000000 22.265625 20.703125 1.500128 4.161149 0.176253 0.385335 1.192791 0.673812 0.852393 0.936212
0.000000 23.437500 23.828125 26.422087 12.771226 5.471287 5.561858 2.629124 2.193497 3.858237 2.743211
0.000000 14.843750 27.343750 376.974698 46.587083 25.823247 17.818529 4.275702 3.688503 2.814922 5.297363
0.000000 14.453125 21.875000 39.548613 3.523659 1.308508 1.317123 0.625616 0.735512 0.415370 0.280328
0.000000 15.625000 32.421875 2.093380 1.031673 3.133668 0.414206 0.945991 0.867760 1.257518 1.014676
0.000000 19.531250 30.468750 4.620757 2.245884 1.608394 0.586500 2.821442 1.171138 0.515021 0.677537
0.000000 26.953125 30.468750 2.147630 4.094793 4.003523 3.835885 4.086178 3.405847 0.766246 0.249594
0.000000 21.093750 28.906250 11.045719 17.193379 6.078510 1.403736 2.929708 0.816770 0.881730 0.401633
0.000000 22.265625 28.906250 25.653513 0.854023 1.492677 1.169741 0.729691 0.782078 0.586966 0.165775
0.000000 23.437500 32.812500 3.729714 1.812354 3.679423 2.471264 0.363914 2.685003 0.708271 0.979519
0.000000 19.921875 31.640625 23.191329 10.748627 2.993271 3.854278 1.893612 2.323883 1.056120 2.070097
0.000000 23.828125 25.781250 33.773482 6.384449 0.162981 0.590226 0.522239 0.660075 0.669621 0.162050
0.000000 28.906250 23.828125 1.427718 1.542037 3.101071 1.535052 0.932952 3.952300 1.949957 1.146924
0.000000 19.531250 11.718750 93.251234 41.662948 1.678942 1.515727 6.279675 1.342967 1.492910 1.052627

