16.000000	4.401000
39.000000	4.432000
55.000000	4.457000
16.000000	4.484000
-42.000000	4.512000
-38.000000	4.543000
10.000000	4.575000
21.000000	4.591000
-43.000000	4.623000
-103.000000	4.643000
-88.000000	4.670000
-21.000000	4.686000
7.000000	4.717000
-18.000000	4.735000
-13.000000	4.766000
28.000000	4.781000
39.000000	4.813000
20.000000	4.845000
7.000000	4.873000
23.000000	4.892000
41.000000	4.924000
5.000000	4.941000
-25.000000	4.972000
-5.000000	4.992000
13.000000	5.027000
-3.000000	5.058000
-7.000000	5.067000
40.000000	5.098000
100.000000	5.114000
108.000000	5.146000
58.000000	5.162000
35.000000	5.193000
44.000000	5.217000
34.000000	5.249000
4.000000	5.273000
6.000000	5.289000
32.000000	5.321000
34.000000	5.349000
8.000000	5.379000
20.000000	5.402000
84.000000	5.417000
128.000000	5.449000
105.000000	5.465000
66.000000	5.496000
61.000000	5.512000
81.000000	5.546000
77.000000	5.560000
57.000000	5.578000
69.000000	5.606000
132.000000	5.643000
165.000000	5.670000
112.000000	5.701000
43.000000	5.717000
70.000000	5.733000
116.000000	5.764000
87.000000	5.780000
20.000000	5.796000
1.000000	5.827000
21.000000	5.843000
12.000000	5.862000
-18.000000	5.887000
-3.000000	5.907000
40.000000	5.938000
33.000000	5.959000
-3.000000	5.970000
21.000000	6.006000
82.000000	6.021000
99.000000	6.035000
66.000000	6.065000
57.000000	6.083000
92.000000	6.113000
108.000000	6.130000
60.000000	6.144000
11.000000	6.177000
18.000000	6.192000
48.000000	6.209000
26.000000	6.239000
-36.000000	6.260000
-29.000000	6.271000
35.000000	6.287000
44.000000	6.323000
-12.000000	6.340000
-22.000000	6.360000
27.000000	6.383000
59.000000	6.398000
36.000000	6.414000
19.000000	6.445000
53.000000	6.461000
75.000000	6.492000
29.000000	6.528000
-19.000000	6.540000
-8.000000	6.572000
38.000000	6.591000
51.000000	6.603000
17.000000	6.636000
11.000000	6.668000
51.000000	6.684000
65.000000	6.699000
12.000000	6.715000
-6.000000	6.747000
39.000000	6.764000
74.000000	6.779000
29.000000	6.795000
-14.000000	6.827000
10.000000	6.845000
50.000000	6.861000
35.000000	6.890000
-21.000000	6.928000
-37.000000	6.953000
9.000000	6.984000
36.000000	7.004000
6.000000	7.016000
3.000000	7.047000
57.000000	7.063000
85.000000	7.095000
42.000000	7.112000
21.000000	7.130000
65.000000	7.148000
84.000000	7.175000
17.000000	7.190000
-54.000000	7.208000
-38.000000	7.224000
27.000000	7.254000
45.000000	7.270000
9.000000	7.288000
21.000000	7.303000
73.000000	7.338000
74.000000	7.350000
23.000000	7.369000
-9.000000	7.397000
4.000000	7.413000
32.000000	7.441000
17.000000	7.461000
-19.000000	7.477000
-12.000000	7.493000
20.000000	7.509000
10.000000	7.541000
-18.000000	7.561000
2.000000	7.573000
48.000000	7.605000
49.000000	7.623000
-5.000000	7.637000
-25.000000	7.662000
18.000000	7.684000
45.000000	7.703000
21.000000	7.716000
10.000000	7.732000
56.000000	7.763000
93.000000	7.781000
64.000000	7.795000
34.000000	7.811000
80.000000	7.845000
103.000000	7.862000
68.000000	7.875000
17.000000	7.906000
21.000000	7.922000
71.000000	7.957000
92.000000	7.982000
33.000000	8.005000
-21.000000	8.017000
6.000000	8.032000
57.000000	8.065000
44.000000	8.085000
-8.000000	8.098000
1.000000	8.131000
34.000000	8.144000
27.000000	8.173000
-2.000000	8.193000
-1.000000	8.207000
24.000000	8.223000
33.000000	8.255000
5.000000	8.272000
-9.000000	8.287000
16.000000	8.320000
50.000000	8.334000
34.000000	8.366000
0.000000	8.384000
8.000000	8.398000
38.000000	8.413000
26.000000	8.429000
-20.000000	8.463000
-25.000000	8.476000
-3.000000	8.492000
-24.000000	8.523000
-85.000000	8.539000
-84.000000	8.563000
-20.000000	8.571000
32.000000	8.603000
24.000000	8.618000
9.000000	8.635000
44.000000	8.651000
100.000000	8.716000
75.000000	8.730000
5.000000	8.764000
3.000000	8.778000
54.000000	8.793000
68.000000	8.825000
28.000000	8.842000
3.000000	8.864000
33.000000	8.891000
53.000000	8.904000
10.000000	8.941000
-24.000000	8.965000
-6.000000	8.984000
18.000000	8.999000
10.000000	9.032000
7.000000	9.049000
51.000000	9.079000
87.000000	9.096000
59.000000	9.127000
6.000000	9.143000
13.000000	9.165000
55.000000	9.190000
43.000000	9.206000
-4.000000	9.237000
-9.000000	9.265000
49.000000	9.285000
105.000000	9.304000
74.000000	9.333000
37.000000	9.349000
71.000000	9.365000
129.000000	9.396000
123.000000	9.413000
72.000000	9.428000
53.000000	9.460000
74.000000	9.476000
67.000000	9.493000
25.000000	9.510000
20.000000	9.539000
57.000000	9.555000
97.000000	9.571000
75.000000	9.587000
45.000000	9.619000
54.000000	9.639000
60.000000	9.652000
26.000000	9.683000
4.000000	9.700000
42.000000	9.715000
89.000000	9.747000
80.000000	9.767000
37.000000	9.778000
49.000000	9.795000
102.000000	9.826000
92.000000	9.844000
13.000000	9.867000
-13.000000	9.894000
35.000000	9.906000
68.000000	9.927000
49.000000	9.954000
32.000000	9.970000
53.000000	10.001000
72.000000	10.022000
33.000000	10.044000
-23.000000	10.067000
-13.000000	10.082000
42.000000	10.113000
44.000000	10.145000
1.000000	10.162000
-3.000000	10.179000
35.000000	10.192000
26.000000	10.224000
-23.000000	10.240000
-21.000000	10.255000
28.000000	10.290000
56.000000	10.305000
36.000000	10.323000
-2.000000	10.355000
2.000000	10.370000
35.000000	10.386000
36.000000	10.400000
0.000000	10.430000
0.000000	10.446000
26.000000	10.468000
37.000000	10.479000
18.000000	10.511000
21.000000	10.528000
55.000000	10.543000
58.000000	10.569000
8.000000	10.592000
-23.000000	10.616000
-1.000000	10.637000
24.000000	10.652000
-8.000000	10.669000
-38.000000	10.689000
-8.000000	10.716000
55.000000	10.732000
59.000000	10.749000
10.000000	10.769000
19.000000	10.781000
86.000000	10.811000
105.000000	10.827000
53.000000	10.845000
17.000000	10.869000
42.000000	10.891000
68.000000	10.922000
19.000000	10.944000
-45.000000	10.958000
-38.000000	10.989000
4.000000	11.001000
1.000000	11.017000
-34.000000	11.048000
-41.000000	11.080000
-2.000000	11.097000
24.000000	11.117000
-13.000000	11.144000
-35.000000	11.161000
4.000000	11.177000
38.000000	11.208000
27.000000	11.223000
8.000000	11.239000
24.000000	11.259000
67.000000	11.287000
67.000000	11.303000
27.000000	11.317000
38.000000	11.349000
68.000000	11.370000
65.000000	11.381000
60.000000	11.396000
73.000000	11.413000
70.000000	11.445000
40.000000	11.460000
-9.000000	11.480000
-20.000000	11.492000
20.000000	11.524000
51.000000	11.539000
34.000000	11.556000
7.000000	11.571000
37.000000	11.587000
83.000000	11.619000
69.000000	11.635000
17.000000	11.650000
4.000000	11.683000
38.000000	11.714000
54.000000	11.731000
18.000000	11.746000
10.000000	11.771000
51.000000	11.778000
74.000000	11.794000
37.000000	11.827000
7.000000	11.842000
51.000000	11.859000
98.000000	11.873000
73.000000	11.905000
38.000000	11.921000
70.000000	11.937000
108.000000	11.968000
89.000000	11.985000
43.000000	12.007000
48.000000	12.032000
67.000000	12.053000
58.000000	12.071000
4.000000	12.096000
-38.000000	12.116000
-17.000000	12.129000
32.000000	12.159000
18.000000	12.175000
-28.000000	12.192000
-13.000000	12.223000
43.000000	12.239000
59.000000	12.255000
36.000000	12.286000
43.000000	12.286000
84.000000	12.318000
65.000000	12.337000
-11.000000	12.353000
-25.000000	12.372000
35.000000	12.397000
77.000000	12.413000
57.000000	12.429000
16.000000	12.444000
20.000000	12.476000
68.000000	12.492000
66.000000	12.508000
6.000000	12.523000
10.000000	12.556000
54.000000	12.572000
39.000000	12.586000
-13.000000	12.602000
-29.000000	12.619000
4.000000	12.635000
32.000000	12.666000
18.000000	12.683000
6.000000	12.698000
22.000000	12.729000
32.000000	12.744000
4.000000	12.772000
-12.000000	12.793000
9.000000	12.809000
44.000000	12.824000
37.000000	12.839000
9.000000	12.872000
26.000000	12.887000
66.000000	12.905000
74.000000	12.935000
40.000000	12.951000
27.000000	12.983000
65.000000	13.000000
87.000000	13.015000
37.000000	13.046000
-18.000000	13.078000
1.000000	13.095000
53.000000	13.126000
64.000000	13.141000
38.000000	13.157000
43.000000	13.189000
58.000000	13.204000
26.000000	13.220000
-38.000000	13.237000
-27.000000	13.268000
52.000000	13.284000
84.000000	13.300000
42.000000	13.315000
13.000000	13.347000
53.000000	13.364000
112.000000	13.379000
90.000000	13.395000
44.000000	13.426000
42.000000	13.444000
53.000000	13.459000
35.000000	13.475000
2.000000	13.492000
5.000000	13.506000
32.000000	13.538000
32.000000	13.557000
-10.000000	13.574000
-21.000000	13.602000
19.000000	13.619000
37.000000	13.651000
17.000000	13.681000
9.000000	13.698000
41.000000	13.715000
58.000000	13.729000
27.000000	13.747000
-7.000000	13.775000
20.000000	13.792000
64.000000	13.808000
38.000000	13.824000
-9.000000	13.840000
-9.000000	13.875000
22.000000	13.892000
42.000000	13.921000
18.000000	13.952000
3.000000	13.967000
37.000000	13.984000
58.000000	14.019000
19.000000	14.031000
-20.000000	14.053000
9.000000	14.079000
55.000000	14.098000
54.000000	14.111000
18.000000	14.142000
32.000000	14.158000
81.000000	14.176000
85.000000	14.206000
26.000000	14.221000
-2.000000	14.237000
43.000000	14.252000
81.000000	14.286000
27.000000	14.300000
-25.000000	14.317000
-19.000000	14.347000
21.000000	14.363000
28.000000	14.379000
2.000000	14.410000
5.000000	14.430000
40.000000	14.443000
44.000000	14.458000
5.000000	14.486000
5.000000	14.506000
68.000000	14.521000
102.000000	14.538000
53.000000	14.555000
28.000000	14.576000
89.000000	14.602000
121.000000	14.619000
50.000000	14.634000
0.000000	14.655000
49.000000	14.676000
96.000000	14.698000
54.000000	14.714000
-9.000000	14.730000
-7.000000	14.749000
48.000000	14.776000
60.000000	14.792000
16.000000	14.808000
-10.000000	14.824000
18.000000	14.839000
40.000000	14.856000
10.000000	14.902000
-4.000000	14.934000
38.000000	14.977000
81.000000	14.983000
37.000000	15.013000
-22.000000	15.032000
8.000000	15.048000
68.000000	15.078000
71.000000	15.109000
41.000000	15.125000
56.000000	15.140000
81.000000	15.172000
73.000000	15.191000
10.000000	15.204000
-39.000000	15.236000
-20.000000	15.251000
36.000000	15.267000
57.000000	15.283000
28.000000	15.315000
19.000000	15.331000
61.000000	15.347000
77.000000	15.377000
42.000000	15.396000
35.000000	15.410000
67.000000	15.426000
72.000000	15.442000
49.000000	15.457000
33.000000	15.478000
42.000000	15.505000
36.000000	15.525000
-29.000000	15.536000
-69.000000	15.553000
-42.000000	15.584000
-13.000000	15.600000
-18.000000	15.615000
-14.000000	15.634000
16.000000	15.649000
60.000000	15.679000
67.000000	15.698000
34.000000	15.711000
21.000000	15.727000
52.000000	15.743000
75.000000	15.774000
49.000000	15.790000
27.000000	15.807000
64.000000	15.823000
93.000000	15.838000
91.000000	15.870000
56.000000	15.886000
50.000000	15.902000
72.000000	15.951000
49.000000	15.983000
-17.000000	15.999000
-37.000000	16.015000
-10.000000	16.046000
6.000000	16.084000
-12.000000	16.102000
-9.000000	16.125000
23.000000	16.142000
29.000000	16.173000
-11.000000	16.190000
-18.000000	16.205000
56.000000	16.236000
102.000000	16.253000
53.000000	16.268000
-13.000000	16.284000
-5.000000	16.318000
57.000000	16.331000
86.000000	16.348000
70.000000	16.380000
58.000000	16.396000
86.000000	16.412000
92.000000	16.427000
18.000000	16.459000
-35.000000	16.474000
13.000000	16.490000
64.000000	16.506000
41.000000	16.538000
-4.000000	16.553000
-4.000000	16.569000
10.000000	16.585000
0.000000	16.601000
-28.000000	16.617000
-17.000000	16.650000
23.000000	16.665000
29.000000	16.682000
-11.000000	16.696000
-27.000000	16.713000
9.000000	16.743000
41.000000	16.760000
19.000000	16.781000
-10.000000	16.801000
-1.000000	16.822000
36.000000	16.839000
38.000000	16.854000
11.000000	16.881000
11.000000	16.902000
54.000000	16.918000
66.000000	16.949000
13.000000	16.981000
-10.000000	17.000000
8.000000	17.014000
20.000000	17.030000
-17.000000	17.062000
-36.000000	17.081000
7.000000	17.108000
58.000000	17.140000
36.000000	17.172000
-14.000000	17.189000
-3.000000	17.204000
44.000000	17.235000
38.000000	17.251000
-23.000000	17.268000
-33.000000	17.284000
19.000000	17.316000
40.000000	17.331000
17.000000	17.346000
8.000000	17.362000
29.000000	17.393000
50.000000	17.410000
42.000000	17.425000
34.000000	17.456000
43.000000	17.472000
64.000000	17.489000
38.000000	17.520000
-2.000000	17.536000
13.000000	17.554000
73.000000	17.571000
87.000000	17.599000
28.000000	17.615000
5.000000	17.632000
48.000000	17.648000
65.000000	17.662000
1.000000	17.695000
-40.000000	17.710000
2.000000	17.728000
40.000000	17.741000
9.000000	17.773000
-25.000000	17.790000
10.000000	17.805000
81.000000	17.820000
87.000000	17.853000
37.000000	17.868000
25.000000	17.887000
67.000000	17.920000
85.000000	17.953000
52.000000	17.972000
39.000000	17.999000
77.000000	18.013000
104.000000	18.028000
74.000000	18.059000
44.000000	18.083000
56.000000	18.138000
74.000000	18.153000
52.000000	18.183000
12.000000	18.202000
17.000000	18.217000
59.000000	18.233000
74.000000	18.264000
29.000000	18.283000
37.000000	18.296000
103.000000	18.311000
124.000000	18.343000
54.000000	18.359000
-4.000000	18.383000
25.000000	18.406000
73.000000	18.423000
54.000000	18.438000
1.000000	18.454000
-2.000000	18.485000
33.000000	18.501000
39.000000	18.518000
27.000000	18.532000
35.000000	18.565000
35.000000	18.583000
12.000000	18.596000
1.000000	18.612000
-4.000000	18.645000
23.000000	18.659000
37.000000	18.683000
16.000000	18.708000
12.000000	18.723000
42.000000	18.739000
56.000000	18.756000
23.000000	18.788000
0.000000	18.802000
44.000000	18.819000
99.000000	18.850000
85.000000	18.866000
21.000000	18.883000
-2.000000	18.914000
20.000000	18.952000
36.000000	18.961000
16.000000	18.993000
-1.000000	19.010000
16.000000	19.028000
29.000000	19.056000
6.000000	19.072000
-21.000000	19.105000
6.000000	19.120000
40.000000	19.136000
12.000000	19.169000
-35.000000	19.200000
-28.000000	19.217000
4.000000	19.232000
22.000000	19.263000
21.000000	19.284000
24.000000	19.295000
39.000000	19.311000
43.000000	19.345000
20.000000	19.359000
11.000000	19.385000
49.000000	19.408000
68.000000	19.423000
59.000000	19.456000
45.000000	19.502000
44.000000	19.518000
73.000000	19.535000
69.000000	19.550000
6.000000	19.565000
-12.000000	19.585000
25.000000	19.613000
51.000000	19.628000
-6.000000	19.644000
-53.000000	19.662000
-4.000000	19.692000
41.000000	19.707000
9.000000	19.724000
-35.000000	19.741000
-25.000000	19.755000
24.000000	19.788000
40.000000	19.804000
19.000000	19.819000
32.000000	19.836000
69.000000	19.851000
69.000000	19.886000
26.000000	19.899000
11.000000	19.917000
52.000000	19.946000
84.000000	19.977000
44.000000	19.995000
-8.000000	20.009000
6.000000	20.026000
73.000000	20.058000
88.000000	20.076000
57.000000	20.091000
67.000000	20.106000
90.000000	20.137000
60.000000	20.153000
3.000000	20.186000
7.000000	20.216000
54.000000	20.235000
67.000000	20.264000
7.000000	20.286000
-35.000000	20.299000
-17.000000	20.327000
8.000000	20.343000
-5.000000	20.359000
-6.000000	20.392000
40.000000	20.407000
86.000000	20.423000
53.000000	20.449000
-22.000000	20.470000
-17.000000	20.486000
52.000000	20.502000
70.000000	20.518000
19.000000	20.550000
-12.000000	20.567000
20.000000	20.587000
48.000000	20.597000
18.000000	20.612000
-8.000000	20.629000
1.000000	20.662000
22.000000	20.692000
25.000000	20.708000
4.000000	20.725000
12.000000	20.755000
53.000000	20.771000
33.000000	20.787000
-38.000000	20.802000
-45.000000	20.819000
19.000000	20.850000
65.000000	20.866000
41.000000	20.898000
3.000000	20.918000
25.000000	20.950000
68.000000	20.964000
43.000000	20.994000
-7.000000	21.010000
0.000000	21.026000
32.000000	21.044000
22.000000	21.072000
-20.000000	21.088000
-25.000000	21.142000
34.000000	21.152000
83.000000	21.189000
66.000000	21.199000
32.000000	21.231000
35.000000	21.247000
43.000000	21.262000
24.000000	21.295000
19.000000	21.310000
60.000000	21.326000
101.000000	21.342000
61.000000	21.373000
-9.000000	21.391000
-6.000000	21.405000
37.000000	21.437000
38.000000	21.453000
-2.000000	21.468000
-17.000000	21.490000
19.000000	21.500000
39.000000	21.531000
2.000000	21.547000
-22.000000	21.563000
3.000000	21.595000
27.000000	21.610000
7.000000	21.626000
-24.000000	21.643000
0.000000	21.675000
37.000000	21.690000
6.000000	21.706000
-52.000000	21.724000
-34.000000	21.737000
26.000000	21.769000
37.000000	21.790000
-19.000000	21.801000
-51.000000	21.817000
-12.000000	21.832000
33.000000	21.865000
17.000000	21.881000
-5.000000	21.896000
35.000000	21.927000
82.000000	21.943000
66.000000	21.968000
5.000000	21.994000
3.000000	22.022000
49.000000	22.039000
51.000000	22.063000
-1.000000	22.086000
-11.000000	22.103000
16.000000	22.133000
36.000000	22.157000
20.000000	22.179000
0.000000	22.207000
26.000000	22.229000
75.000000	22.244000
42.000000	22.276000
-37.000000	22.315000
-34.000000	22.340000
27.000000	22.355000
39.000000	22.370000
3.000000	22.391000
-4.000000	22.420000
41.000000	22.434000
65.000000	22.450000
9.000000	22.468000
-34.000000	22.498000
-11.000000	22.514000
26.000000	22.529000
13.000000	22.545000
-7.000000	22.578000
9.000000	22.593000
50.000000	22.609000
49.000000	22.624000
6.000000	22.640000
17.000000	22.672000
66.000000	22.691000
61.000000	22.703000
9.000000	22.719000
-1.000000	22.751000
33.000000	22.768000
55.000000	22.792000
36.000000	22.798000
16.000000	22.830000
45.000000	22.848000
88.000000	22.878000
83.000000	22.907000
50.000000	22.930000
75.000000	22.942000
144.000000	22.973000
130.000000	22.992000
41.000000	23.008000
11.000000	23.023000
71.000000	23.055000
99.000000	23.070000
39.000000	23.092000
-5.000000	23.101000
32.000000	23.128000
66.000000	23.148000
29.000000	23.166000
-2.000000	23.197000
17.000000	23.212000
55.000000	23.228000
48.000000	23.245000
9.000000	23.275000
32.000000	23.293000
93.000000	23.307000
103.000000	23.323000
35.000000	23.357000
4.000000	23.371000
44.000000	23.393000
77.000000	23.414000
40.000000	23.434000
3.000000	23.450000
32.000000	23.466000
57.000000	23.483000
22.000000	23.497000
-35.000000	23.529000
-30.000000	23.546000
32.000000	23.562000
68.000000	23.578000
41.000000	23.593000
40.000000	23.625000
85.000000	23.640000
86.000000	23.656000
27.000000	23.673000
-11.000000	23.693000
24.000000	23.705000
69.000000	23.737000
57.000000	23.754000
22.000000	23.768000
25.000000	23.793000
64.000000	23.799000
53.000000	23.831000
6.000000	23.848000
-5.000000	23.862000
22.000000	23.890000
21.000000	23.910000
-13.000000	23.943000
-10.000000	23.959000
36.000000	23.973000
71.000000	24.006000
41.000000	24.025000
-4.000000	24.037000
-3.000000	24.054000
24.000000	24.069000
42.000000	24.094000
32.000000	24.123000
23.000000	24.132000
35.000000	24.166000
28.000000	24.181000
-10.000000	24.213000
-22.000000	24.228000
9.000000	24.244000
32.000000	24.261000
16.000000	24.291000
21.000000	24.307000
60.000000	24.323000
87.000000	24.339000
35.000000	24.370000
-36.000000	24.386000
-25.000000	24.403000
27.000000	24.418000
27.000000	24.433000
-13.000000	24.465000
-19.000000	24.481000
38.000000	24.498000
93.000000	24.513000
76.000000	24.544000
48.000000	24.561000
72.000000	24.628000
87.000000	24.639000
23.000000	24.671000
-40.000000	24.687000
-40.000000	24.704000
-8.000000	24.718000
-13.000000	24.734000
-36.000000	24.766000
5.000000	24.782000
89.000000	24.800000
117.000000	24.829000
70.000000	24.845000
35.000000	24.861000
57.000000	24.896000
87.000000	24.924000
53.000000	24.940000
10.000000	24.965000
20.000000	24.989000
53.000000	25.006000
35.000000	25.023000
6.000000	25.063000
36.000000	25.082000
85.000000	25.098000
60.000000	25.115000
-14.000000	25.146000
-27.000000	25.162000
10.000000	25.194000
19.000000	25.210000
-8.000000	25.226000
-9.000000	25.241000
38.000000	25.273000
66.000000	25.288000
17.000000	25.305000
-39.000000	25.320000
-19.000000	25.352000
25.000000	25.371000
10.000000	25.383000
-19.000000	25.401000
-4.000000	25.431000
38.000000	25.446000
43.000000	25.462000
7.000000	25.479000
-4.000000	25.497000
23.000000	25.525000
42.000000	25.541000
17.000000	25.558000
2.000000	25.573000
44.000000	25.597000
86.000000	25.621000
38.000000	25.636000
-7.000000	25.652000
18.000000	25.684000
41.000000	25.704000
27.000000	25.715000
18.000000	25.747000
37.000000	25.762000
72.000000	25.778000
64.000000	25.797000
3.000000	25.827000
-6.000000	25.843000
50.000000	25.858000
77.000000	25.897000
26.000000	25.906000
-7.000000	25.937000
37.000000	25.953000
76.000000	25.981000
51.000000	26.001000
0.000000	26.017000
-7.000000	26.035000
25.000000	26.074000
35.000000	26.097000
7.000000	26.112000
-8.000000	26.144000
6.000000	26.159000
26.000000	26.190000
7.000000	26.207000
4.000000	26.222000
44.000000	26.254000
74.000000	26.270000
51.000000	26.286000
-5.000000	26.305000
-22.000000	26.334000
2.000000	26.353000
9.000000	26.366000
-14.000000	26.381000
-10.000000	26.417000
4.000000	26.430000
-12.000000	26.466000
-36.000000	26.477000
-26.000000	26.510000
8.000000	26.524000
32.000000	26.540000
18.000000	26.571000
6.000000	26.587000
18.000000	26.603000
40.000000	26.619000
38.000000	26.636000
17.000000	26.651000
26.000000	26.682000
72.000000	26.699000
76.000000	26.714000
16.000000	26.745000
-6.000000	26.761000
25.000000	26.776000
29.000000	26.809000
-12.000000	26.834000
-25.000000	26.857000
24.000000	26.874000
65.000000	26.919000
41.000000	26.935000
11.000000	26.966000
41.000000	26.982000
99.000000	26.999000
98.000000	27.032000
50.000000	27.046000
45.000000	27.062000
81.000000	27.078000
75.000000	27.100000
19.000000	27.141000
-3.000000	27.157000
58.000000	27.190000
99.000000	27.205000
53.000000	27.222000
6.000000	27.254000
26.000000	27.270000
72.000000	27.285000
58.000000	27.316000
10.000000	27.335000
12.000000	27.350000
59.000000	27.379000
71.000000	27.400000
24.000000	27.411000
5.000000	27.427000
55.000000	27.458000
82.000000	27.475000
33.000000	27.490000
-2.000000	27.507000
27.000000	27.538000
55.000000	27.555000
28.000000	27.587000
73.000000	27.603000
75.000000	27.617000
73.000000	27.648000
44.000000	27.668000
32.000000	27.680000
36.000000	27.712000
91.000000	27.728000
57.000000	27.743000
52.000000	27.775000
58.000000	27.807000
18.000000	27.824000
22.000000	27.839000
55.000000	27.854000
56.000000	27.890000
24.000000	27.935000
-22.000000	27.950000
-21.000000	27.981000
4.000000	28.002000
52.000000	28.016000
59.000000	28.048000
82.000000	28.064000
74.000000	28.093000
-29.000000	28.109000
0.000000	28.133000
3.000000	28.157000
48.000000	28.174000
71.000000	28.202000
45.000000	28.221000
36.000000	28.236000
-26.000000	28.268000
-6.000000	28.284000
45.000000	28.302000
85.000000	28.334000
-19.000000	28.363000
56.000000	28.379000
103.000000	28.395000
-25.000000	28.411000
-27.000000	28.443000
-7.000000	28.459000
-19.000000	28.474000
16.000000	28.506000
20.000000	28.538000
36.000000	28.555000
32.000000	28.570000
36.000000	28.586000
87.000000	28.619000
28.000000	28.634000
-4.000000	28.666000
2.000000	28.682000
80.000000	28.713000
-5.000000	28.744000
18.000000	28.761000
-27.000000	28.794000
71.000000	28.808000
82.000000	28.823000
25.000000	28.855000
12.000000	28.872000
4.000000	28.937000
27.000000	28.951000
7.000000	28.982000
27.000000	29.004000
32.000000	29.023000
-18.000000	29.045000
18.000000	29.061000
-9.000000	29.093000
-18.000000	29.109000
67.000000	29.142000
49.000000	29.157000
25.000000	29.190000
101.000000	29.204000
106.000000	29.235000
10.000000	29.252000
49.000000	29.269000
48.000000	29.299000
3.000000	29.315000
26.000000	29.342000
37.000000	29.362000
55.000000	29.394000
22.000000	29.410000
29.000000	29.427000
-2.000000	29.458000
37.000000	29.474000
24.000000	29.506000
44.000000	29.538000
69.000000	29.552000
25.000000	29.585000
3.000000	29.605000
56.000000	29.633000
7.000000	29.647000
12.000000	29.679000
67.000000	29.705000
37.000000	29.727000
50.000000	29.742000
81.000000	29.774000
40.000000	29.791000
66.000000	29.806000
74.000000	29.838000
21.000000	29.869000
29.000000	29.893000
-17.000000	29.955000
102.000000	30.001000
90.000000	30.013000
24.000000	30.044000
22.000000	30.060000
86.000000	30.081000
68.000000	30.108000
-41.000000	30.125000
16.000000	30.139000
5.000000	30.171000
-21.000000	30.187000
-13.000000	30.218000
13.000000	30.250000
80.000000	30.266000
75.000000	30.281000
-50.000000	30.314000
4.000000	30.332000
134.000000	30.361000
68.000000	30.376000
19.000000	30.403000
44.000000	30.425000
112.000000	30.440000
96.000000	30.471000
106.000000	30.489000
125.000000	30.518000
18.000000	30.542000
-33.000000	30.566000
36.000000	30.607000
33.000000	30.632000
26.000000	30.647000
18.000000	30.678000
45.000000	30.694000
33.000000	30.710000
-29.000000	30.743000
-13.000000	30.758000
34.000000	30.790000
60.000000	30.808000
3.000000	30.821000
64.000000	30.837000
22.000000	30.870000
48.000000	30.885000
22.000000	30.917000
-10.000000	30.949000
-9.000000	30.969000
12.000000	30.996000
80.000000	31.012000
82.000000	31.028000
19.000000	31.069000
17.000000	31.091000
33.000000	31.109000
17.000000	31.139000
8.000000	31.175000
-25.000000	31.209000
81.000000	31.234000
-1.000000	31.265000
34.000000	31.298000
72.000000	31.313000
25.000000	31.344000
34.000000	31.360000
23.000000	31.376000
34.000000	31.409000
38.000000	31.426000
96.000000	31.457000
-14.000000	31.471000
26.000000	31.510000
-17.000000	31.541000
22.000000	31.567000
-2.000000	31.582000
64.000000	31.630000
25.000000	31.646000
-9.000000	31.677000
-13.000000	31.710000
-19.000000	31.740000
20.000000	31.756000
90.000000	31.775000
43.000000	31.803000
54.000000	31.819000
85.000000	31.836000
82.000000	31.851000
58.000000	31.882000
28.000000	31.898000
12.000000	31.932000
3.000000	31.962000
12.000000	31.978000
74.000000	31.994000
-76.000000	32.025000
-75.000000	32.041000
37.000000	32.062000
12.000000	32.073000
41.000000	32.105000
74.000000	32.121000
33.000000	32.153000
28.000000	32.168000
-3.000000	32.200000
4.000000	32.216000
0.000000	32.231000
93.000000	32.256000
41.000000	32.279000
24.000000	32.295000
59.000000	32.312000
23.000000	32.327000
10.000000	32.358000
13.000000	32.377000
58.000000	32.391000
10.000000	32.422000
56.000000	32.441000
22.000000	32.470000
-92.000000	32.486000
-38.000000	32.511000
42.000000	32.546000
41.000000	32.584000
48.000000	32.599000
43.000000	32.615000
-55.000000	32.644000
-22.000000	32.676000
32.000000	32.712000
75.000000	32.740000
-4.000000	32.771000
36.000000	32.803000
67.000000	32.820000
103.000000	32.851000
76.000000	32.866000
50.000000	32.882000
32.000000	32.914000
29.000000	32.932000
23.000000	32.946000
73.000000	32.977000
-44.000000	33.009000
65.000000	33.026000
13.000000	33.041000
48.000000	33.074000
-24.000000	33.105000
-5.000000	33.120000
8.000000	33.137000
18.000000	33.168000
24.000000	33.199000
65.000000	33.233000
21.000000	33.248000
26.000000	33.263000
11.000000	33.278000
12.000000	33.314000
-14.000000	33.326000
128.000000	33.358000
39.000000	33.373000
33.000000	33.390000
90.000000	33.420000
97.000000	33.437000
16.000000	33.453000
48.000000	33.483000
66.000000	33.501000
-7.000000	33.516000
41.000000	33.546000
23.000000	33.562000
-13.000000	33.581000
24.000000	33.610000
50.000000	33.626000
59.000000	33.642000
22.000000	33.657000
25.000000	33.689000
44.000000	33.704000
-9.000000	33.720000
23.000000	33.736000
67.000000	33.753000
34.000000	33.785000
6.000000	33.799000
26.000000	33.814000
-27.000000	33.845000
-60.000000	33.861000
60.000000	33.878000
88.000000	33.924000
59.000000	33.957000
65.000000	33.987000
-66.000000	34.015000
3.000000	34.035000
16.000000	34.051000
19.000000	34.083000
48.000000	34.102000
7.000000	34.131000
-34.000000	34.147000
88.000000	34.178000
19.000000	34.215000
36.000000	34.252000
5.000000	34.274000
-20.000000	34.316000
43.000000	34.340000
70.000000	34.352000
28.000000	34.385000
-1.000000	34.400000
75.000000	34.432000
7.000000	34.448000
50.000000	34.464000
11.000000	34.496000
37.000000	34.528000
53.000000	34.560000
39.000000	34.592000
67.000000	34.607000
60.000000	34.623000
-37.000000	34.655000
-19.000000	34.671000
44.000000	34.704000
44.000000	34.725000
40.000000	34.749000
83.000000	34.765000
37.000000	34.796000
24.000000	34.816000
44.000000	34.829000
103.000000	34.844000
109.000000	34.878000
36.000000	34.909000
48.000000	34.925000
114.000000	34.959000
101.000000	34.971000
39.000000	34.992000
83.000000	35.022000
-11.000000	35.037000
66.000000	35.082000
40.000000	35.109000
73.000000	35.129000
57.000000	35.148000
50.000000	35.177000
0.000000	35.193000
37.000000	35.217000
21.000000	35.240000
-29.000000	35.256000
73.000000	35.287000
68.000000	35.303000
77.000000	35.321000
-3.000000	35.367000
9.000000	35.384000
34.000000	35.414000
1.000000	35.430000
54.000000	35.447000
2.000000	35.464000
2.000000	35.495000
96.000000	35.517000
112.000000	35.528000
36.000000	35.558000
41.000000	35.573000
6.000000	35.605000
19.000000	35.621000
50.000000	35.640000
22.000000	35.656000
25.000000	35.684000
18.000000	35.701000
52.000000	35.732000
4.000000	35.749000
93.000000	35.781000
8.000000	35.796000
-9.000000	35.829000
-1.000000	35.862000
19.000000	35.875000
0.000000	35.891000
71.000000	35.922000
-9.000000	35.976000
85.000000	36.002000
92.000000	36.034000
21.000000	36.065000
68.000000	36.115000
35.000000	36.129000
-2.000000	36.160000
56.000000	36.176000
71.000000	36.208000
2.000000	36.224000
35.000000	36.239000
22.000000	36.271000
60.000000	36.286000
35.000000	36.319000
40.000000	36.338000
44.000000	36.366000
2.000000	36.382000
71.000000	36.419000
57.000000	36.429000
29.000000	36.460000
-3.000000	36.476000
35.000000	36.493000
-34.000000	36.523000
-61.000000	36.541000
28.000000	36.556000
22.000000	36.587000
36.000000	36.605000
120.000000	36.619000
50.000000	36.652000
24.000000	36.667000
18.000000	36.700000
-22.000000	36.719000
-19.000000	36.730000
55.000000	36.764000
22.000000	36.789000
89.000000	36.810000
28.000000	36.835000
35.000000	36.851000
49.000000	36.873000
60.000000	36.906000
13.000000	36.922000
17.000000	36.959000
48.000000	36.973000
58.000000	37.001000
-19.000000	37.033000
7.000000	37.051000
33.000000	37.080000
32.000000	37.098000
74.000000	37.119000
-2.000000	37.128000
20.000000	37.159000
17.000000	37.190000
28.000000	37.222000
85.000000	37.238000
33.000000	37.269000
27.000000	37.302000
34.000000	37.319000
74.000000	37.335000
89.000000	37.365000
72.000000	37.381000
65.000000	37.397000
41.000000	37.420000
54.000000	37.444000
74.000000	37.466000
72.000000	37.493000
8.000000	37.507000
-8.000000	37.523000
18.000000	37.556000
10.000000	37.570000
34.000000	37.586000
20.000000	37.601000
12.000000	37.633000
10.000000	37.651000
37.000000	37.665000
22.000000	37.697000
38.000000	37.803000
52.000000	37.856000
-1.000000	37.888000
68.000000	37.920000
70.000000	37.951000
48.000000	37.969000
19.000000	37.983000
59.000000	38.018000
37.000000	38.035000
-10.000000	38.048000
-3.000000	38.097000
52.000000	38.110000
27.000000	38.126000
20.000000	38.158000
34.000000	38.175000
6.000000	38.190000
49.000000	38.222000
53.000000	38.238000
2.000000	38.269000
-2.000000	38.285000
84.000000	38.321000
21.000000	38.341000
24.000000	38.364000
23.000000	38.397000
5.000000	38.422000
36.000000	38.446000
3.000000	38.461000
11.000000	38.491000
55.000000	38.523000
75.000000	38.555000
-27.000000	38.571000
-2.000000	38.587000
37.000000	38.622000
-19.000000	38.650000
59.000000	38.665000
52.000000	38.697000
77.000000	38.730000
16.000000	38.745000
53.000000	38.776000
99.000000	38.791000
73.000000	38.822000
42.000000	38.838000
4.000000	38.854000
106.000000	38.885000
16.000000	38.932000
39.000000	38.980000
50.000000	39.011000
39.000000	39.028000
-24.000000	39.059000
-5.000000	39.090000
-4.000000	39.106000
37.000000	39.123000
39.000000	39.154000
0.000000	39.170000
106.000000	39.201000
74.000000	39.223000
104.000000	39.248000
28.000000	39.268000
49.000000	39.280000
27.000000	39.312000
2.000000	39.328000
6.000000	39.360000
33.000000	39.375000
101.000000	39.391000
67.000000	39.424000
34.000000	39.439000
42.000000	39.455000
13.000000	39.487000
3.000000	39.502000
55.000000	39.524000
39.000000	39.534000
26.000000	39.565000
19.000000	39.597000
16.000000	39.614000
52.000000	39.638000
85.000000	39.660000
56.000000	39.697000
53.000000	39.724000
81.000000	39.740000
64.000000	39.772000
41.000000	39.787000
34.000000	39.825000
34.000000	39.836000
66.000000	39.866000
35.000000	39.882000
-1.000000	39.929000
25.000000	39.946000
64.000000	39.976000
32.000000	39.998000
-10.000000	40.012000
-33.000000	40.029000
48.000000	40.064000
28.000000	40.104000
42.000000	40.125000
1.000000	40.151000
-19.000000	40.185000
39.000000	40.198000
51.000000	40.230000
27.000000	40.246000
42.000000	40.263000
21.000000	40.293000
48.000000	40.325000
22.000000	40.360000
61.000000	40.373000
123.000000	40.389000
103.000000	40.421000
-23.000000	40.436000
-35.000000	40.452000
18.000000	40.483000
58.000000	40.499000
64.000000	40.515000
10.000000	40.547000
73.000000	40.563000
68.000000	40.579000
52.000000	40.614000
92.000000	40.629000
37.000000	40.674000
25.000000	40.690000
5.000000	40.727000
39.000000	40.738000
41.000000	40.768000
-2.000000	40.784000
33.000000	40.800000
49.000000	40.827000
18.000000	40.849000
-3.000000	40.865000
65.000000	40.880000
71.000000	40.927000
89.000000	40.943000
-3.000000	40.974000
16.000000	40.991000
3.000000	41.010000
2.000000	41.039000
8.000000	41.147000
71.000000	41.179000
37.000000	41.211000
-57.000000	41.259000
-60.000000	41.290000
48.000000	41.305000
-1.000000	41.337000
27.000000	41.369000
22.000000	41.400000
-12.000000	41.432000
21.000000	41.448000
53.000000	41.485000
34.000000	41.496000
44.000000	41.529000
2.000000	41.561000
7.000000	41.575000
10.000000	41.592000
-43.000000	41.606000
-39.000000	41.638000
80.000000	41.654000
26.000000	41.685000
-7.000000	41.701000
13.000000	41.716000
39.000000	41.748000
19.000000	41.766000
-5.000000	41.780000
42.000000	41.811000
69.000000	41.829000
16.000000	41.860000
32.000000	41.884000
51.000000	41.907000
48.000000	41.950000
20.000000	41.975000
45.000000	41.988000
68.000000	42.018000
75.000000	42.036000
3.000000	42.068000
53.000000	42.098000
50.000000	42.131000
55.000000	42.162000
55.000000	42.178000
7.000000	42.209000
-21.000000	42.230000
12.000000	42.272000
48.000000	42.288000
12.000000	42.319000
50.000000	42.351000
-37.000000	42.367000
-5.000000	42.398000
-1.000000	42.446000
32.000000	42.461000
104.000000	42.477000
71.000000	42.493000
25.000000	42.510000
7.000000	42.531000
-18.000000	42.557000
26.000000	42.573000
100.000000	42.588000
108.000000	42.620000
-11.000000	42.638000
-6.000000	42.652000
49.000000	42.685000
7.000000	42.700000
-5.000000	42.724000
70.000000	42.748000
48.000000	42.773000
24.000000	42.795000
64.000000	42.812000
-33.000000	42.832000
-1.000000	42.842000
76.000000	42.874000
129.000000	42.892000
54.000000	42.922000
-2.000000	42.953000
26.000000	42.970000
98.000000	42.987000
7.000000	43.018000
42.000000	43.032000
-26.000000	43.051000
42.000000	43.080000
6.000000	43.113000
56.000000	43.132000
-9.000000	43.159000
-18.000000	43.177000
58.000000	43.210000
68.000000	43.232000
48.000000	43.254000
-11.000000	43.286000
-1.000000	43.319000
-2.000000	43.333000
73.000000	43.366000
64.000000	43.380000
17.000000	43.396000
-4.000000	43.433000
66.000000	43.459000
6.000000	43.475000
45.000000	43.507000
91.000000	43.527000
7.000000	43.538000
11.000000	43.571000
21.000000	43.585000
41.000000	43.617000
69.000000	43.648000
33.000000	43.680000
11.000000	43.712000
28.000000	43.733000
115.000000	43.760000
-54.000000	43.792000
-5.000000	43.807000
43.000000	43.833000
17.000000	43.855000
40.000000	43.872000
97.000000	43.918000
33.000000	43.950000
44.000000	43.969000
25.000000	43.998000
70.000000	44.017000
12.000000	44.034000
-4.000000	44.062000
-34.000000	44.080000
44.000000	44.110000
99.000000	44.127000
54.000000	44.142000
64.000000	44.159000
32.000000	44.189000
55.000000	44.205000
69.000000	44.234000
50.000000	44.253000
17.000000	44.269000
32.000000	44.284000
58.000000	44.316000
28.000000	44.334000
20.000000	44.348000
-7.000000	44.363000
32.000000	44.395000
7.000000	44.414000
23.000000	44.434000
68.000000	44.460000
44.000000	44.476000
36.000000	44.490000
81.000000	44.523000
-28.000000	44.540000
24.000000	44.554000
81.000000	44.570000
102.000000	44.586000
-22.000000	44.617000
18.000000	44.635000
44.000000	44.666000
21.000000	44.683000
58.000000	44.697000
25.000000	44.728000
33.000000	44.745000
60.000000	44.760000
102.000000	44.777000
24.000000	44.809000
35.000000	44.826000
17.000000	44.839000
28.000000	44.872000
66.000000	44.887000
43.000000	44.951000
23.000000	44.979000
22.000000	45.004000
58.000000	45.016000
-23.000000	45.048000
112.000000	45.079000
12.000000	45.095000
48.000000	45.111000
72.000000	45.143000
8.000000	45.159000
76.000000	45.190000
64.000000	45.206000
-49.000000	45.235000
-19.000000	45.254000
25.000000	45.286000
55.000000	45.301000
65.000000	45.336000
67.000000	45.364000
-14.000000	45.381000
57.000000	45.412000
38.000000	45.436000
71.000000	45.444000
-41.000000	45.475000
8.000000	45.492000
-4.000000	45.524000
-4.000000	45.539000
24.000000	45.557000
44.000000	45.571000
43.000000	45.602000
38.000000	45.623000
65.000000	45.636000
75.000000	45.651000
73.000000	45.666000
23.000000	45.699000
65.000000	45.715000
114.000000	45.736000
7.000000	45.746000
26.000000	45.780000
57.000000	45.795000
52.000000	45.811000
11.000000	45.843000
36.000000	45.857000
33.000000	45.874000
48.000000	45.930000
17.000000	45.972000
-5.000000	45.985000
39.000000	46.017000
32.000000	46.037000
-7.000000	46.051000
68.000000	46.082000
69.000000	46.096000
7.000000	46.127000
9.000000	46.143000
67.000000	46.159000
76.000000	46.190000
60.000000	46.221000
65.000000	46.253000
5.000000	46.300000
16.000000	46.316000
67.000000	46.348000
26.000000	46.364000
34.000000	46.395000
70.000000	46.411000
-3.000000	46.438000
23.000000	46.460000
-8.000000	46.475000
-30.000000	46.498000
-5.000000	46.522000
-5.000000	46.540000
4.000000	46.554000
85.000000	46.570000
54.000000	46.604000
-27.000000	46.617000
23.000000	46.639000
34.000000	46.665000
-52.000000	46.700000
9.000000	46.715000
33.000000	46.739000
2.000000	46.760000
32.000000	46.777000
107.000000	46.808000
45.000000	46.824000
67.000000	46.855000
29.000000	46.871000
45.000000	46.903000
33.000000	46.920000
-8.000000	46.951000
-26.000000	46.969000
-9.000000	47.000000
-25.000000	47.029000
17.000000	47.045000
58.000000	47.077000
32.000000	47.108000
35.000000	47.124000
40.000000	47.155000
59.000000	47.171000
43.000000	47.204000
16.000000	47.218000
59.000000	47.250000
40.000000	47.283000
35.000000	47.298000
66.000000	47.331000
48.000000	47.363000
33.000000	47.378000
40.000000	47.409000
55.000000	47.426000
73.000000	47.458000
7.000000	47.472000
6.000000	47.488000
21.000000	47.520000
34.000000	47.541000
48.000000	47.551000
45.000000	47.583000
-3.000000	47.614000
50.000000	47.641000
34.000000	47.663000
-3.000000	47.678000
9.000000	47.709000
45.000000	47.757000
17.000000	47.773000
-7.000000	47.805000
22.000000	47.824000
37.000000	47.853000
35.000000	47.868000
-5.000000	47.901000
-5.000000	47.932000
32.000000	47.959000
-13.000000	47.980000
27.000000	47.995000
37.000000	48.029000
-21.000000	48.059000
16.000000	48.089000
17.000000	48.113000
37.000000	48.139000
65.000000	48.170000
68.000000	48.201000
91.000000	48.232000
11.000000	48.264000
1.000000	48.295000
-7.000000	48.311000
49.000000	48.343000
76.000000	48.377000
37.000000	48.390000
36.000000	48.415000
36.000000	48.438000
49.000000	48.454000
87.000000	48.486000
41.000000	48.503000
10.000000	48.534000
76.000000	48.550000
29.000000	48.566000
32.000000	48.597000
56.000000	48.628000
-13.000000	48.659000
17.000000	48.675000
-49.000000	48.710000
22.000000	48.739000
44.000000	48.755000
98.000000	48.789000
1.000000	48.818000
56.000000	48.850000
92.000000	48.866000
1.000000	48.899000
-36.000000	48.915000
71.000000	48.947000
52.000000	48.961000
22.000000	48.993000
35.000000	49.015000
60.000000	49.025000
35.000000	49.057000
22.000000	49.077000
26.000000	49.089000
54.000000	49.120000
39.000000	49.137000
54.000000	49.164000
98.000000	49.184000
55.000000	49.203000
-9.000000	49.232000
13.000000	49.279000
67.000000	49.311000
85.000000	49.345000
36.000000	49.373000
100.000000	49.405000
75.000000	49.420000
-34.000000	49.445000
17.000000	49.468000
-21.000000	49.484000
4.000000	49.515000
-22.000000	49.530000
-3.000000	49.578000
-23.000000	49.596000
36.000000	49.610000
66.000000	49.626000
55.000000	49.658000
27.000000	49.677000
13.000000	49.706000
105.000000	49.721000
150.000000	49.737000
-27.000000	49.775000
77.000000	49.804000
74.000000	49.817000
-40.000000	49.838000
-12.000000	49.860000
16.000000	49.913000
-12.000000	49.947000
25.000000	49.963000
56.000000	49.996000
24.000000	50.009000
-1.000000	50.047000
21.000000	50.075000
73.000000	50.108000
35.000000	50.135000
24.000000	50.152000
16.000000	50.167000
37.000000	50.199000
55.000000	50.215000
-30.000000	50.230000
-35.000000	50.262000
105.000000	50.278000
65.000000	50.309000
92.000000	50.341000
115.000000	50.372000
11.000000	50.388000
40.000000	50.419000
7.000000	50.435000
6.000000	50.451000
57.000000	50.484000
13.000000	50.499000
18.000000	50.531000
26.000000	50.550000
51.000000	50.579000
80.000000	50.594000
-9.000000	50.626000
12.000000	50.648000
53.000000	50.675000
50.000000	50.689000
45.000000	50.721000
48.000000	50.753000
17.000000	50.773000
5.000000	50.816000
-5.000000	50.831000
49.000000	50.864000
44.000000	50.897000
65.000000	50.926000
71.000000	50.948000
66.000000	50.975000
32.000000	50.994000
33.000000	51.021000
50.000000	51.048000
7.000000	51.070000
8.000000	51.086000
54.000000	51.101000
26.000000	51.133000
64.000000	51.164000
7.000000	51.181000
60.000000	51.212000
36.000000	51.227000
22.000000	51.261000
20.000000	51.291000
33.000000	51.307000
49.000000	51.326000
55.000000	51.355000
59.000000	51.386000
-17.000000	51.418000
83.000000	51.433000
32.000000	51.465000
60.000000	51.482000
75.000000	51.512000
66.000000	51.545000
27.000000	51.575000
4.000000	51.592000
-24.000000	51.609000
7.000000	51.623000
-14.000000	51.655000
-11.000000	51.671000
103.000000	51.704000
121.000000	51.718000
-53.000000	51.737000
-33.000000	51.752000
-12.000000	51.782000
5.000000	51.798000
65.000000	51.814000
65.000000	51.851000
50.000000	51.866000
60.000000	51.895000
74.000000	51.925000
65.000000	51.941000
36.000000	51.974000
42.000000	51.989000
44.000000	52.004000
-11.000000	52.020000
12.000000	52.053000
81.000000	52.068000
85.000000	52.101000
70.000000	52.116000
21.000000	52.132000
10.000000	52.163000
55.000000	52.180000
32.000000	52.212000
67.000000	52.227000
33.000000	52.251000
57.000000	52.274000
102.000000	52.290000
39.000000	52.306000
68.000000	52.337000
-13.000000	52.353000
-3.000000	52.385000
18.000000	52.400000
13.000000	52.416000
4.000000	52.451000
74.000000	52.465000
26.000000	52.479000
102.000000	52.512000
104.000000	52.529000
3.000000	52.542000
8.000000	52.560000
54.000000	52.576000
68.000000	52.606000
26.000000	52.624000
87.000000	52.639000
43.000000	52.656000
-34.000000	52.689000
-4.000000	52.702000
-11.000000	52.734000
-33.000000	52.753000
-2.000000	52.765000
44.000000	52.782000
40.000000	52.813000
26.000000	52.844000
13.000000	52.861000
24.000000	52.891000
24.000000	52.924000
75.000000	52.940000
44.000000	52.974000
50.000000	53.002000
36.000000	53.018000
11.000000	53.035000
21.000000	53.065000
65.000000	53.082000
49.000000	53.113000
34.000000	53.129000
55.000000	53.161000
24.000000	53.178000
100.000000	53.210000
49.000000	53.225000
32.000000	53.266000
54.000000	53.290000
27.000000	53.314000
75.000000	53.338000
34.000000	53.353000
-22.000000	53.368000
-12.000000	53.402000
39.000000	53.417000
58.000000	53.432000
61.000000	53.453000
96.000000	53.465000
-34.000000	53.479000
-39.000000	53.512000
6.000000	53.530000
38.000000	53.553000
53.000000	53.559000
-3.000000	53.596000
34.000000	53.606000
-1.000000	53.624000
-4.000000	53.654000
16.000000	53.670000
29.000000	53.687000
61.000000	53.719000
34.000000	53.734000
13.000000	53.754000
-2.000000	53.781000
-2.000000	53.797000
10.000000	53.813000
23.000000	53.845000
2.000000	53.862000
28.000000	53.895000
37.000000	53.925000
50.000000	53.941000
16.000000	53.957000
-5.000000	53.974000
53.000000	54.005000
51.000000	54.022000
-5.000000	54.039000
12.000000	54.067000
55.000000	54.083000
24.000000	54.099000
69.000000	54.114000
54.000000	54.146000
22.000000	54.163000
32.000000	54.177000
-8.000000	54.210000
20.000000	54.225000
89.000000	54.254000
58.000000	54.279000
41.000000	54.290000
3.000000	54.323000
67.000000	54.336000
1.000000	54.370000
-10.000000	54.385000
64.000000	54.401000
65.000000	54.417000
76.000000	54.447000
107.000000	54.464000
6.000000	54.480000
39.000000	54.511000
9.000000	54.527000
13.000000	54.543000
24.000000	54.562000
3.000000	54.575000
71.000000	54.611000
70.000000	54.623000
34.000000	54.655000
103.000000	54.692000
92.000000	54.702000
24.000000	54.733000
49.000000	54.755000
-4.000000	54.766000
-58.000000	54.797000
-35.000000	54.813000
-2.000000	54.829000
-8.000000	54.846000
68.000000	54.876000
-24.000000	54.934000
38.000000	54.955000
6.000000	54.971000
90.000000	55.002000
55.000000	55.019000
6.000000	55.051000
92.000000	55.068000
-14.000000	55.114000
65.000000	55.133000
102.000000	55.162000
20.000000	55.193000
9.000000	55.210000
-2.000000	55.225000
37.000000	55.257000
39.000000	55.272000
25.000000	55.306000
40.000000	55.338000
84.000000	55.356000
-56.000000	55.386000
54.000000	55.399000
37.000000	55.434000
-49.000000	55.448000
-18.000000	55.462000
43.000000	55.494000
103.000000	55.527000
68.000000	55.541000
27.000000	55.572000
-17.000000	55.590000
25.000000	55.604000
44.000000	55.622000
60.000000	55.637000
51.000000	55.668000
99.000000	55.683000
117.000000	55.715000
-19.000000	55.732000
-8.000000	55.747000
39.000000	55.781000
-4.000000	55.795000
-10.000000	55.812000
17.000000	55.830000
49.000000	55.861000
26.000000	55.875000
83.000000	55.907000
39.000000	55.944000
37.000000	55.958000
49.000000	55.970000
104.000000	56.005000
32.000000	56.018000
1.000000	56.035000
-5.000000	56.081000
6.000000	56.113000
39.000000	56.129000
18.000000	56.147000
52.000000	56.180000
-11.000000	56.193000
32.000000	56.208000
58.000000	56.243000
40.000000	56.266000
-8.000000	56.287000
2.000000	56.303000
19.000000	56.335000
44.000000	56.352000
75.000000	56.382000
33.000000	56.398000
68.000000	56.414000
56.000000	56.446000
29.000000	56.464000
100.000000	56.493000
23.000000	56.509000
28.000000	56.524000
4.000000	56.559000
2.000000	56.589000
7.000000	56.622000
68.000000	56.652000
42.000000	56.668000
76.000000	56.700000
1.000000	56.717000
64.000000	56.733000
0.000000	56.765000
39.000000	56.780000
-17.000000	56.811000
-4.000000	56.843000
-5.000000	56.860000
48.000000	56.890000
32.000000	56.942000
-24.000000	56.971000
6.000000	57.005000
125.000000	57.032000
7.000000	57.063000
36.000000	57.095000
12.000000	57.126000
-8.000000	57.160000
-13.000000	57.174000
54.000000	57.205000
16.000000	57.223000
24.000000	57.237000
57.000000	57.269000
76.000000	57.286000
53.000000	57.316000
10.000000	57.348000
27.000000	57.364000
65.000000	57.396000
26.000000	57.414000
33.000000	57.427000
70.000000	57.443000
34.000000	57.477000
28.000000	57.492000
54.000000	57.507000
-5.000000	57.538000
23.000000	57.561000
10.000000	57.586000
51.000000	57.602000
59.000000	57.619000
16.000000	57.650000
71.000000	57.671000
85.000000	57.682000
60.000000	57.714000
105.000000	57.730000
24.000000	57.762000
3.000000	57.780000
57.000000	57.808000
42.000000	57.841000
68.000000	57.862000
108.000000	57.872000
60.000000	57.903000
34.000000	57.935000
8.000000	57.950000
25.000000	57.977000
0.000000	57.998000
27.000000	58.014000
33.000000	58.045000
66.000000	58.062000
26.000000	58.078000
21.000000	58.109000
33.000000	58.125000
24.000000	58.156000
19.000000	58.173000
19.000000	58.204000
0.000000	58.219000
5.000000	58.251000
43.000000	58.283000
71.000000	58.299000
68.000000	58.319000
22.000000	58.330000
-50.000000	58.363000
40.000000	58.378000
35.000000	58.393000
55.000000	58.428000
83.000000	58.441000
67.000000	58.463000
69.000000	58.491000
113.000000	58.507000
-5.000000	58.537000
-18.000000	58.552000
35.000000	58.584000
19.000000	58.601000
70.000000	58.649000
41.000000	58.679000
25.000000	58.711000
-13.000000	58.727000
-55.000000	58.745000
-38.000000	58.776000
2.000000	58.806000
70.000000	58.823000
82.000000	58.838000
43.000000	58.875000
2.000000	58.918000
58.000000	58.949000
92.000000	58.965000
11.000000	58.998000
-27.000000	59.015000
5.000000	59.038000
12.000000	59.060000
24.000000	59.076000
66.000000	59.092000
86.000000	59.125000
85.000000	59.142000
-35.000000	59.171000
-9.000000	59.203000
8.000000	59.219000
-22.000000	59.234000
-29.000000	59.266000
68.000000	59.297000
56.000000	59.313000
19.000000	59.340000
89.000000	59.365000
85.000000	59.376000
26.000000	59.409000
7.000000	59.424000
-12.000000	59.440000
4.000000	59.472000
6.000000	59.488000
38.000000	59.504000
5.000000	59.536000
71.000000	59.551000
48.000000	59.567000
69.000000	59.583000
57.000000	59.615000
33.000000	59.632000
12.000000	59.647000
76.000000	59.678000
80.000000	59.695000
19.000000	59.710000
51.000000	59.726000
58.000000	59.773000
25.000000	59.789000
107.000000	59.805000
100.000000	59.836000
23.000000	59.853000
80.000000	59.871000
25.000000	59.900000
57.000000	59.933000
50.000000	59.950000
51.000000	59.982000
100.000000	59.996000
105.000000	60.027000
-26.000000	60.043000
33.000000	60.077000
54.000000	60.091000
11.000000	60.123000
40.000000	60.154000
33.000000	60.173000
51.000000	60.186000
24.000000	60.202000
8.000000	60.233000
51.000000	60.267000
