-46.000000	3.448000
-44.000000	3.495000
-29.000000	3.531000
-19.000000	3.564000
-22.000000	3.598000
-27.000000	3.641000
-21.000000	3.684000
-8.000000	3.717000
-2.000000	3.732000
-9.000000	3.764000
-8.000000	3.813000
5.000000	3.843000
23.000000	3.859000
51.000000	3.894000
65.000000	3.922000
71.000000	3.937000
83.000000	3.969000
91.000000	4.001000
88.000000	4.034000
80.000000	4.049000
71.000000	4.081000
73.000000	4.114000
67.000000	4.128000
51.000000	4.207000
40.000000	4.238000
26.000000	4.254000
2.000000	4.285000
-11.000000	4.317000
-5.000000	4.333000
9.000000	4.364000
18.000000	4.380000
12.000000	4.411000
0.000000	4.443000
-19.000000	4.459000
-24.000000	4.506000
-21.000000	4.522000
-11.000000	4.553000
0.000000	4.585000
0.000000	4.618000
-1.000000	4.633000
2.000000	4.664000
6.000000	4.691000
16.000000	4.723000
23.000000	4.743000
28.000000	4.775000
33.000000	4.807000
38.000000	4.840000
40.000000	4.897000
29.000000	4.957000
18.000000	4.983000
12.000000	5.014000
17.000000	5.049000
18.000000	5.078000
20.000000	5.110000
27.000000	5.141000
34.000000	5.157000
40.000000	5.173000
51.000000	5.207000
60.000000	5.240000
76.000000	5.252000
92.000000	5.283000
92.000000	5.315000
89.000000	5.347000
88.000000	5.378000
76.000000	5.398000
60.000000	5.425000
54.000000	5.441000
61.000000	5.473000
84.000000	5.506000
104.000000	5.536000
117.000000	5.568000
116.000000	5.601000
113.000000	5.615000
109.000000	5.647000
96.000000	5.680000
86.000000	5.698000
87.000000	5.710000
85.000000	5.742000
74.000000	5.761000
67.000000	5.774000
60.000000	5.806000
71.000000	5.821000
86.000000	5.852000
104.000000	5.871000
106.000000	5.900000
101.000000	5.917000
88.000000	5.933000
69.000000	5.966000
56.000000	5.979000
43.000000	5.999000
37.000000	6.027000
34.000000	6.042000
34.000000	6.059000
38.000000	6.091000
54.000000	6.105000
69.000000	6.124000
90.000000	6.187000
120.000000	6.217000
145.000000	6.232000
147.000000	6.264000
150.000000	6.279000
165.000000	6.300000
184.000000	6.327000
201.000000	6.343000
215.000000	6.359000
219.000000	6.390000
221.000000	6.406000
226.000000	6.424000
220.000000	6.440000
216.000000	6.471000
210.000000	6.489000
192.000000	6.503000
164.000000	6.519000
147.000000	6.550000
137.000000	6.566000
132.000000	6.641000
133.000000	6.661000
146.000000	6.677000
155.000000	6.701000
154.000000	6.726000
147.000000	6.743000
140.000000	6.756000
135.000000	6.773000
130.000000	6.804000
117.000000	6.823000
101.000000	6.852000
83.000000	6.868000
58.000000	6.884000
24.000000	6.902000
-10.000000	6.931000
-25.000000	6.947000
-10.000000	6.963000
3.000000	6.979000
4.000000	7.013000
0.000000	7.027000
1.000000	7.042000
6.000000	7.076000
8.000000	7.091000
11.000000	7.108000
-1.000000	7.123000
-24.000000	7.155000
-40.000000	7.174000
-38.000000	7.185000
-29.000000	7.218000
-21.000000	7.236000
-10.000000	7.265000
-23.000000	7.281000
-44.000000	7.309000
-52.000000	7.328000
-49.000000	7.343000
-53.000000	7.360000
-74.000000	7.376000
-98.000000	7.411000
-102.000000	7.423000
-98.000000	7.440000
-98.000000	7.471000
-101.000000	7.490000
-93.000000	7.520000
-83.000000	7.537000
-74.000000	7.553000
-72.000000	7.581000
-60.000000	7.598000
-58.000000	7.616000
-72.000000	7.646000
-82.000000	7.661000
-81.000000	7.677000
-74.000000	7.710000
-82.000000	7.741000
-93.000000	7.756000
-104.000000	7.773000
-108.000000	7.809000
-121.000000	7.819000
-136.000000	7.840000
-136.000000	7.867000
-119.000000	7.884000
-113.000000	7.909000
-131.000000	7.931000
-153.000000	7.946000
-157.000000	7.965000
-146.000000	7.994000
-140.000000	8.013000
-150.000000	8.029000
-156.000000	8.062000
-149.000000	8.074000
-125.000000	8.094000
-116.000000	8.123000
-107.000000	8.138000
-83.000000	8.154000
-53.000000	8.170000
-50.000000	8.204000
-54.000000	8.220000
-52.000000	8.249000
-36.000000	8.269000
-10.000000	8.283000
5.000000	8.312000
11.000000	8.329000
21.000000	8.344000
23.000000	8.380000
21.000000	8.425000
25.000000	8.439000
38.000000	8.472000
41.000000	8.488000
39.000000	8.515000
51.000000	8.534000
65.000000	8.552000
58.000000	8.567000
44.000000	8.584000
35.000000	8.615000
29.000000	8.631000
35.000000	8.649000
42.000000	8.679000
41.000000	8.696000
35.000000	8.728000
35.000000	8.741000
38.000000	8.758000
42.000000	8.789000
48.000000	8.811000
48.000000	8.826000
44.000000	8.853000
44.000000	8.869000
51.000000	8.884000
54.000000	8.919000
51.000000	8.941000
45.000000	8.964000
44.000000	8.982000
43.000000	8.998000
35.000000	9.032000
28.000000	9.047000
36.000000	9.066000
48.000000	9.094000
54.000000	9.118000
68.000000	9.142000
70.000000	9.154000
67.000000	9.180000
66.000000	9.203000
66.000000	9.222000
61.000000	9.234000
56.000000	9.267000
54.000000	9.286000
53.000000	9.317000
38.000000	9.341000
23.000000	9.365000
12.000000	9.382000
5.000000	9.412000
6.000000	9.425000
17.000000	9.444000
27.000000	9.476000
37.000000	9.491000
42.000000	9.522000
50.000000	9.542000
53.000000	9.553000
51.000000	9.570000
40.000000	9.600000
38.000000	9.616000
41.000000	9.648000
48.000000	9.667000
64.000000	9.695000
81.000000	9.717000
83.000000	9.728000
80.000000	9.759000
81.000000	9.776000
84.000000	9.806000
83.000000	9.824000
70.000000	9.842000
65.000000	9.871000
65.000000	9.888000
72.000000	9.903000
89.000000	9.917000
108.000000	9.952000
121.000000	9.966000
105.000000	9.981000
83.000000	10.017000
70.000000	10.031000
58.000000	10.061000
38.000000	10.076000
24.000000	10.094000
25.000000	10.113000
29.000000	10.142000
32.000000	10.156000
28.000000	10.173000
24.000000	10.225000
24.000000	10.251000
18.000000	10.267000
6.000000	10.284000
-6.000000	10.300000
-7.000000	10.333000
9.000000	10.350000
26.000000	10.365000
23.000000	10.381000
11.000000	10.414000
17.000000	10.432000
35.000000	10.452000
41.000000	10.531000
33.000000	10.554000
26.000000	10.583000
22.000000	10.601000
23.000000	10.634000
34.000000	10.650000
40.000000	10.681000
43.000000	10.701000
53.000000	10.730000
56.000000	10.743000
53.000000	10.776000
54.000000	10.790000
70.000000	10.822000
88.000000	10.838000
89.000000	10.870000
85.000000	10.888000
85.000000	10.917000
86.000000	10.933000
87.000000	10.948000
102.000000	10.980000
109.000000	11.015000
101.000000	11.039000
104.000000	11.059000
115.000000	11.075000
115.000000	11.110000
113.000000	11.123000
113.000000	11.155000
101.000000	11.172000
86.000000	11.202000
74.000000	11.224000
70.000000	11.249000
69.000000	11.265000
68.000000	11.282000
61.000000	11.313000
49.000000	11.331000
35.000000	11.346000
33.000000	11.378000
48.000000	11.392000
59.000000	11.418000
56.000000	11.442000
42.000000	11.457000
41.000000	11.491000
53.000000	11.519000
54.000000	11.535000
51.000000	11.571000
54.000000	11.583000
56.000000	11.598000
58.000000	11.630000
60.000000	11.645000
70.000000	11.678000
77.000000	11.695000
75.000000	11.719000
69.000000	11.740000
70.000000	11.757000
80.000000	11.788000
73.000000	11.803000
56.000000	11.819000
49.000000	11.850000
56.000000	11.868000
55.000000	11.885000
40.000000	11.914000
24.000000	11.931000
22.000000	11.946000
34.000000	11.979000
37.000000	11.993000
28.000000	12.026000
18.000000	12.044000
18.000000	12.073000
23.000000	12.088000
23.000000	12.113000
26.000000	12.120000
33.000000	12.151000
25.000000	12.167000
6.000000	12.183000
-11.000000	12.215000
-11.000000	12.230000
-2.000000	12.247000
5.000000	12.262000
4.000000	12.294000
7.000000	12.310000
32.000000	12.327000
44.000000	12.359000
39.000000	12.374000
40.000000	12.389000
43.000000	12.406000
44.000000	12.438000
37.000000	12.452000
18.000000	12.468000
12.000000	12.486000
16.000000	12.521000
17.000000	12.534000
23.000000	12.548000
39.000000	12.579000
49.000000	12.599000
41.000000	12.621000
32.000000	12.645000
27.000000	12.665000
35.000000	12.674000
25.000000	12.706000
-1.000000	12.721000
-6.000000	12.749000
9.000000	12.769000
27.000000	12.785000
34.000000	12.801000
27.000000	12.822000
22.000000	12.850000
17.000000	12.868000
16.000000	12.897000
10.000000	12.913000
9.000000	12.929000
12.000000	12.945000
13.000000	12.982000
4.000000	12.993000
-4.000000	13.025000
1.000000	13.039000
11.000000	13.057000
27.000000	13.087000
41.000000	13.105000
49.000000	13.134000
53.000000	13.150000
39.000000	13.166000
25.000000	13.182000
39.000000	13.214000
55.000000	13.229000
58.000000	13.244000
52.000000	13.276000
53.000000	13.292000
67.000000	13.308000
81.000000	13.323000
75.000000	13.356000
68.000000	13.371000
55.000000	13.387000
42.000000	13.420000
28.000000	13.436000
26.000000	13.451000
41.000000	13.466000
42.000000	13.501000
36.000000	13.524000
26.000000	13.542000
18.000000	13.560000
12.000000	13.576000
6.000000	13.592000
-3.000000	13.624000
-2.000000	13.641000
11.000000	13.656000
23.000000	13.673000
27.000000	13.707000
25.000000	13.732000
22.000000	13.752000
17.000000	13.768000
3.000000	13.784000
-10.000000	13.815000
-18.000000	13.831000
-10.000000	13.850000
-5.000000	13.878000
-13.000000	13.901000
-26.000000	13.912000
-26.000000	13.942000
-17.000000	13.963000
-20.000000	13.973000
-25.000000	14.009000
-10.000000	14.025000
9.000000	14.054000
16.000000	14.077000
5.000000	14.092000
-10.000000	14.126000
-28.000000	14.149000
-41.000000	14.165000
-45.000000	14.184000
-40.000000	14.196000
-25.000000	14.229000
-9.000000	14.245000
0.000000	14.270000
3.000000	14.276000
9.000000	14.308000
27.000000	14.325000
49.000000	14.339000
55.000000	14.366000
56.000000	14.387000
65.000000	14.403000
69.000000	14.425000
69.000000	14.435000
84.000000	14.466000
113.000000	14.482000
134.000000	14.500000
133.000000	14.531000
114.000000	14.546000
93.000000	14.561000
83.000000	14.594000
66.000000	14.617000
41.000000	14.626000
28.000000	14.656000
39.000000	14.672000
53.000000	14.688000
60.000000	14.719000
70.000000	14.741000
75.000000	14.758000
72.000000	14.784000
53.000000	14.799000
43.000000	14.816000
50.000000	14.831000
57.000000	14.865000
55.000000	14.880000
34.000000	14.896000
12.000000	14.910000
12.000000	14.942000
11.000000	14.958000
3.000000	14.975000
3.000000	14.999000
-1.000000	15.023000
-7.000000	15.037000
-10.000000	15.064000
-6.000000	15.085000
17.000000	15.101000
40.000000	15.120000
41.000000	15.132000
35.000000	15.165000
36.000000	15.180000
32.000000	15.197000
40.000000	15.211000
65.000000	15.243000
80.000000	15.260000
72.000000	15.281000
57.000000	15.291000
55.000000	15.323000
53.000000	15.339000
41.000000	15.354000
36.000000	15.386000
41.000000	15.401000
56.000000	15.428000
64.000000	15.434000
56.000000	15.465000
35.000000	15.483000
21.000000	15.506000
12.000000	15.530000
18.000000	15.545000
22.000000	15.576000
12.000000	15.595000
10.000000	15.608000
21.000000	15.638000
19.000000	15.657000
-2.000000	15.672000
-23.000000	15.699000
-25.000000	15.718000
-20.000000	15.734000
-11.000000	15.761000
-3.000000	15.784000
4.000000	15.817000
5.000000	15.845000
11.000000	15.865000
26.000000	15.887000
40.000000	15.908000
39.000000	15.929000
20.000000	15.950000
3.000000	15.971000
2.000000	15.987000
8.000000	16.003000
3.000000	16.029000
-17.000000	16.050000
-23.000000	16.068000
-26.000000	16.082000
-30.000000	16.116000
-28.000000	16.130000
-18.000000	16.145000
1.000000	16.186000
9.000000	16.206000
16.000000	16.228000
18.000000	16.241000
23.000000	16.259000
26.000000	16.273000
27.000000	16.309000
26.000000	16.330000
32.000000	16.353000
38.000000	16.373000
38.000000	16.401000
32.000000	16.416000
37.000000	16.432000
59.000000	16.448000
80.000000	16.481000
73.000000	16.500000
61.000000	16.512000
53.000000	16.530000
57.000000	16.559000
58.000000	16.577000
43.000000	16.607000
39.000000	16.623000
56.000000	16.651000
69.000000	16.672000
71.000000	16.686000
70.000000	16.702000
71.000000	16.734000
61.000000	16.750000
49.000000	16.765000
42.000000	16.797000
49.000000	16.814000
45.000000	16.831000
28.000000	16.846000
13.000000	16.879000
18.000000	16.892000
28.000000	16.924000
36.000000	16.945000
29.000000	16.972000
21.000000	16.987000
21.000000	17.019000
27.000000	17.035000
37.000000	17.066000
34.000000	17.083000
26.000000	17.098000
17.000000	17.132000
1.000000	17.161000
-6.000000	17.176000
1.000000	17.208000
10.000000	17.232000
21.000000	17.256000
32.000000	17.271000
44.000000	17.287000
50.000000	17.303000
37.000000	17.334000
19.000000	17.350000
9.000000	17.367000
1.000000	17.382000
-11.000000	17.414000
-25.000000	17.432000
-25.000000	17.454000
-20.000000	17.477000
-12.000000	17.494000
-7.000000	17.514000
-4.000000	17.532000
3.000000	17.543000
13.000000	17.566000
20.000000	17.574000
13.000000	17.599000
7.000000	17.605000
13.000000	17.637000
21.000000	17.654000
28.000000	17.701000
55.000000	17.720000
75.000000	17.732000
73.000000	17.747000
64.000000	17.764000
54.000000	17.779000
51.000000	17.806000
54.000000	17.828000
57.000000	17.847000
53.000000	17.863000
40.000000	17.877000
34.000000	17.909000
27.000000	17.929000
21.000000	17.942000
13.000000	17.972000
11.000000	17.988000
18.000000	18.005000
24.000000	18.020000
38.000000	18.053000
54.000000	18.071000
49.000000	18.096000
34.000000	18.115000
29.000000	18.145000
25.000000	18.161000
18.000000	18.176000
22.000000	18.192000
24.000000	18.209000
12.000000	18.239000
10.000000	18.255000
17.000000	18.287000
17.000000	18.303000
26.000000	18.318000
43.000000	18.345000
56.000000	18.351000
56.000000	18.377000
53.000000	18.383000
56.000000	18.417000
65.000000	18.435000
60.000000	18.447000
54.000000	18.472000
40.000000	18.495000
28.000000	18.510000
29.000000	18.527000
32.000000	18.544000
33.000000	18.558000
33.000000	18.589000
27.000000	18.605000
27.000000	18.621000
34.000000	18.638000
36.000000	18.663000
38.000000	18.684000
43.000000	18.700000
51.000000	18.724000
56.000000	18.736000
54.000000	18.764000
51.000000	18.780000
38.000000	18.795000
33.000000	18.812000
42.000000	18.842000
50.000000	18.858000
44.000000	18.875000
32.000000	18.890000
20.000000	18.922000
18.000000	18.936000
17.000000	18.952000
21.000000	18.970000
25.000000	18.984000
20.000000	19.015000
10.000000	19.030000
8.000000	19.047000
16.000000	19.062000
24.000000	19.079000
32.000000	19.110000
27.000000	19.127000
24.000000	19.145000
16.000000	19.160000
6.000000	19.175000
2.000000	19.190000
7.000000	19.222000
18.000000	19.238000
27.000000	19.255000
36.000000	19.269000
40.000000	19.301000
52.000000	19.317000
67.000000	19.337000
80.000000	19.349000
80.000000	19.365000
76.000000	19.397000
68.000000	19.412000
49.000000	19.430000
35.000000	19.444000
29.000000	19.460000
34.000000	19.477000
38.000000	19.507000
36.000000	19.523000
33.000000	19.541000
35.000000	19.555000
45.000000	19.571000
52.000000	19.604000
44.000000	19.620000
44.000000	19.638000
53.000000	19.651000
69.000000	19.668000
74.000000	19.698000
71.000000	19.717000
74.000000	19.737000
83.000000	19.746000
91.000000	19.777000
98.000000	19.794000
96.000000	19.809000
87.000000	19.824000
70.000000	19.842000
48.000000	19.872000
32.000000	19.889000
38.000000	19.905000
55.000000	19.936000
60.000000	19.953000
50.000000	19.973000
36.000000	20.000000
32.000000	20.015000
33.000000	20.038000
40.000000	20.048000
57.000000	20.064000
69.000000	20.095000
66.000000	20.113000
55.000000	20.127000
58.000000	20.151000
73.000000	20.159000
81.000000	20.190000
67.000000	20.207000
42.000000	20.222000
27.000000	20.254000
16.000000	20.269000
-2.000000	20.285000
-19.000000	20.301000
-30.000000	20.316000
-37.000000	20.348000
-43.000000	20.348000
-53.000000	20.381000
-58.000000	20.395000
-58.000000	20.411000
-60.000000	20.438000
-66.000000	20.443000
-59.000000	20.474000
-53.000000	20.491000
-49.000000	20.506000
-50.000000	20.533000
-51.000000	20.539000
-45.000000	20.571000
-36.000000	20.585000
-22.000000	20.601000
4.000000	20.617000
26.000000	20.639000
36.000000	20.651000
26.000000	20.681000
13.000000	20.697000
10.000000	20.727000
20.000000	20.746000
24.000000	20.761000
24.000000	20.777000
26.000000	20.808000
32.000000	20.825000
32.000000	20.840000
24.000000	20.856000
28.000000	20.873000
45.000000	20.905000
64.000000	20.920000
60.000000	20.939000
49.000000	20.952000
34.000000	20.967000
26.000000	21.002000
43.000000	21.015000
64.000000	21.042000
66.000000	21.066000
69.000000	21.083000
61.000000	21.110000
48.000000	21.128000
41.000000	21.142000
40.000000	21.159000
32.000000	21.189000
9.000000	21.205000
4.000000	21.222000
11.000000	21.240000
24.000000	21.262000
34.000000	21.288000
35.000000	21.302000
34.000000	21.318000
33.000000	21.340000
35.000000	21.349000
39.000000	21.442000
42.000000	21.461000
52.000000	21.493000
70.000000	21.510000
72.000000	21.528000
71.000000	21.556000
83.000000	21.572000
86.000000	21.588000
82.000000	21.619000
74.000000	21.640000
65.000000	21.650000
56.000000	21.682000
52.000000	21.700000
38.000000	21.714000
36.000000	21.740000
33.000000	21.747000
20.000000	21.778000
4.000000	21.793000
-3.000000	21.811000
-7.000000	21.825000
-10.000000	21.857000
-29.000000	21.872000
-43.000000	21.888000
-38.000000	21.904000
-19.000000	21.935000
-4.000000	21.951000
7.000000	21.967000
26.000000	21.983000
40.000000	21.999000
25.000000	22.032000
0.000000	22.048000
-9.000000	22.062000
-11.000000	22.078000
-25.000000	22.104000
-35.000000	22.127000
-24.000000	22.143000
-3.000000	22.158000
2.000000	22.173000
-4.000000	22.189000
-3.000000	22.221000
-1.000000	22.242000
4.000000	22.253000
12.000000	22.268000
34.000000	22.285000
51.000000	22.317000
45.000000	22.333000
29.000000	22.375000
25.000000	22.396000
41.000000	22.411000
70.000000	22.442000
90.000000	22.458000
83.000000	22.474000
70.000000	22.505000
69.000000	22.525000
74.000000	22.553000
80.000000	22.570000
76.000000	22.585000
66.000000	22.616000
65.000000	22.633000
61.000000	22.648000
56.000000	22.679000
56.000000	22.696000
59.000000	22.712000
65.000000	22.726000
67.000000	22.758000
70.000000	22.774000
69.000000	22.790000
67.000000	22.806000
52.000000	22.838000
26.000000	22.854000
16.000000	22.870000
17.000000	22.886000
18.000000	22.901000
17.000000	22.944000
19.000000	22.950000
26.000000	22.982000
38.000000	22.998000
51.000000	23.012000
53.000000	23.032000
38.000000	23.062000
16.000000	23.077000
6.000000	23.092000
17.000000	23.109000
20.000000	23.125000
7.000000	23.158000
-18.000000	23.172000
-45.000000	23.188000
-53.000000	23.206000
-34.000000	23.222000
-13.000000	23.255000
-10.000000	23.270000
-3.000000	23.285000
8.000000	23.300000
13.000000	23.331000
25.000000	23.347000
33.000000	23.366000
40.000000	23.379000
43.000000	23.411000
34.000000	23.445000
21.000000	23.459000
23.000000	23.474000
35.000000	23.490000
34.000000	23.506000
35.000000	23.540000
44.000000	23.559000
51.000000	23.570000
44.000000	23.588000
36.000000	23.602000
39.000000	23.617000
59.000000	23.645000
77.000000	23.659000
71.000000	23.684000
53.000000	23.700000
52.000000	23.716000
67.000000	23.745000
73.000000	23.763000
77.000000	23.777000
90.000000	23.794000
100.000000	23.826000
87.000000	23.839000
68.000000	23.857000
66.000000	23.881000
80.000000	23.887000
90.000000	23.919000
87.000000	23.935000
73.000000	23.951000
57.000000	23.968000
56.000000	23.983000
55.000000	24.014000
55.000000	24.032000
54.000000	24.049000
54.000000	24.063000
52.000000	24.078000
42.000000	24.109000
43.000000	24.127000
41.000000	24.141000
22.000000	24.157000
1.000000	24.174000
-13.000000	24.190000
-33.000000	24.206000
-55.000000	24.240000
-78.000000	24.252000
-90.000000	24.269000
-85.000000	24.286000
-74.000000	24.301000
-72.000000	24.332000
-56.000000	24.359000
-25.000000	24.364000
-1.000000	24.389000
2.000000	24.411000
-18.000000	24.427000
-27.000000	24.447000
-20.000000	24.468000
-24.000000	24.476000
-29.000000	24.508000
-17.000000	24.524000
4.000000	24.547000
6.000000	24.564000
-4.000000	24.571000
-6.000000	24.602000
5.000000	24.618000
21.000000	24.635000
37.000000	24.661000
48.000000	24.683000
43.000000	24.698000
40.000000	24.729000
33.000000	24.748000
19.000000	24.761000
16.000000	24.779000
24.000000	24.793000
40.000000	24.824000
49.000000	24.850000
43.000000	24.856000
40.000000	24.890000
40.000000	24.903000
22.000000	24.919000
4.000000	24.945000
6.000000	24.951000
27.000000	24.984000
37.000000	25.007000
27.000000	25.014000
32.000000	25.049000
40.000000	25.071000
49.000000	25.077000
50.000000	25.110000
55.000000	25.127000
65.000000	25.149000
69.000000	25.157000
54.000000	25.189000
40.000000	25.204000
41.000000	25.221000
49.000000	25.235000
51.000000	25.251000
48.000000	25.284000
42.000000	25.299000
39.000000	25.325000
24.000000	25.343000
2.000000	25.372000
-10.000000	25.395000
-1.000000	25.416000
21.000000	25.432000
33.000000	25.482000
35.000000	25.492000
40.000000	25.522000
49.000000	25.543000
56.000000	25.558000
67.000000	25.585000
68.000000	25.604000
59.000000	25.620000
48.000000	25.642000
38.000000	25.651000
36.000000	25.681000
39.000000	25.698000
32.000000	25.718000
12.000000	25.729000
-6.000000	25.762000
-18.000000	25.777000
-19.000000	25.792000
-11.000000	25.808000
-5.000000	25.824000
2.000000	25.856000
19.000000	25.873000
26.000000	25.897000
50.000000	25.903000
73.000000	25.919000
77.000000	25.951000
65.000000	25.968000
53.000000	25.983000
68.000000	26.000000
84.000000	26.014000
81.000000	26.029000
71.000000	26.061000
66.000000	26.080000
60.000000	26.093000
56.000000	26.109000
52.000000	26.140000
53.000000	26.157000
53.000000	26.172000
55.000000	26.188000
53.000000	26.214000
42.000000	26.235000
34.000000	26.251000
37.000000	26.267000
45.000000	26.284000
54.000000	26.309000
57.000000	26.332000
56.000000	26.352000
48.000000	26.363000
28.000000	26.378000
18.000000	26.394000
18.000000	26.425000
19.000000	26.441000
25.000000	26.457000
50.000000	26.474000
76.000000	26.506000
-8.000000	26.522000
-7.000000	26.538000
116.000000	26.570000
128.000000	26.584000
-25.000000	26.618000
-54.000000	26.633000
-21.000000	26.664000
-13.000000	26.684000
-10.000000	26.695000
-7.000000	26.712000
4.000000	26.743000
13.000000	26.761000
77.000000	26.775000
65.000000	26.790000
57.000000	26.822000
75.000000	26.855000
71.000000	26.869000
-23.000000	26.904000
-6.000000	26.919000
27.000000	26.948000
28.000000	26.967000
34.000000	26.981000
-11.000000	27.012000
28.000000	27.044000
45.000000	27.060000
-26.000000	27.075000
-6.000000	27.101000
-38.000000	27.122000
60.000000	27.153000
66.000000	27.169000
49.000000	27.185000
36.000000	27.200000
-59.000000	27.216000
25.000000	27.254000
28.000000	27.265000
38.000000	27.281000
41.000000	27.312000
3.000000	27.328000
-20.000000	27.344000
83.000000	27.360000
98.000000	27.393000
54.000000	27.407000
52.000000	27.423000
-39.000000	27.439000
-46.000000	27.472000
81.000000	27.487000
73.000000	27.527000
70.000000	27.554000
76.000000	27.569000
-1.000000	27.582000
2.000000	27.606000
68.000000	27.614000
70.000000	27.646000
19.000000	27.662000
11.000000	27.678000
-7.000000	27.723000
-6.000000	27.750000
-1.000000	27.766000
17.000000	27.790000
81.000000	27.804000
68.000000	27.820000
36.000000	27.836000
35.000000	27.869000
25.000000	27.883000
73.000000	27.899000
58.000000	27.931000
37.000000	27.948000
43.000000	27.962000
92.000000	27.994000
91.000000	28.011000
42.000000	28.028000
-97.000000	28.058000
-117.000000	28.074000
-118.000000	28.090000
-116.000000	28.107000
-120.000000	28.121000
-129.000000	28.155000
41.000000	28.169000
48.000000	28.185000
49.000000	28.218000
85.000000	28.234000
99.000000	28.255000
97.000000	28.265000
113.000000	28.297000
26.000000	28.312000
10.000000	28.329000
-8.000000	28.355000
-3.000000	28.369000
92.000000	28.394000
76.000000	28.407000
-3.000000	28.438000
73.000000	28.455000
-3.000000	28.486000
81.000000	28.503000
74.000000	28.534000
-5.000000	28.555000
-2.000000	28.581000
12.000000	28.597000
19.000000	28.617000
3.000000	28.629000
-6.000000	28.661000
37.000000	28.677000
38.000000	28.694000
19.000000	28.711000
8.000000	28.741000
25.000000	28.758000
17.000000	28.777000
53.000000	28.806000
42.000000	28.822000
36.000000	28.853000
40.000000	28.868000
69.000000	28.888000
57.000000	28.900000
9.000000	28.934000
11.000000	28.947000
16.000000	28.963000
19.000000	28.979000
33.000000	29.011000
32.000000	29.028000
23.000000	29.058000
20.000000	29.073000
-35.000000	29.089000
-36.000000	29.105000
86.000000	29.137000
97.000000	29.153000
12.000000	29.169000
25.000000	29.184000
67.000000	29.201000
69.000000	29.231000
39.000000	29.247000
19.000000	29.264000
10.000000	29.281000
13.000000	29.295000
56.000000	29.327000
59.000000	29.361000
21.000000	29.379000
8.000000	29.391000
52.000000	29.423000
43.000000	29.439000
55.000000	29.459000
59.000000	29.498000
67.000000	29.520000
54.000000	29.536000
-61.000000	29.566000
-57.000000	29.582000
66.000000	29.613000
64.000000	29.629000
7.000000	29.659000
2.000000	29.677000
93.000000	29.698000
58.000000	29.726000
53.000000	29.759000
42.000000	29.791000
23.000000	29.810000
23.000000	29.820000
22.000000	29.852000
80.000000	29.868000
65.000000	29.885000
17.000000	29.900000
21.000000	29.933000
-50.000000	29.951000
-69.000000	29.964000
22.000000	29.980000
43.000000	29.997000
55.000000	30.028000
58.000000	30.044000
-68.000000	30.060000
-51.000000	30.077000
2.000000	30.108000
16.000000	30.126000
12.000000	30.142000
-62.000000	30.171000
-82.000000	30.187000
5.000000	30.202000
13.000000	30.234000
-45.000000	30.265000
71.000000	30.281000
54.000000	30.315000
34.000000	30.330000
40.000000	30.346000
33.000000	30.364000
-87.000000	30.392000
-68.000000	30.408000
96.000000	30.424000
92.000000	30.440000
3.000000	30.472000
12.000000	30.488000
41.000000	30.511000
42.000000	30.519000
87.000000	30.551000
20.000000	30.567000
28.000000	30.585000
123.000000	30.617000
118.000000	30.630000
96.000000	30.647000
-27.000000	30.661000
-13.000000	30.677000
71.000000	30.714000
65.000000	30.745000
67.000000	30.765000
137.000000	30.772000
119.000000	30.797000
-103.000000	30.822000
-57.000000	30.836000
3.000000	30.871000
2.000000	30.884000
80.000000	30.898000
8.000000	30.932000
6.000000	30.968000
58.000000	30.987000
45.000000	31.013000
50.000000	31.042000
75.000000	31.063000
69.000000	31.089000
-69.000000	31.179000
-57.000000	31.209000
91.000000	31.250000
67.000000	31.272000
45.000000	31.298000
61.000000	31.328000
41.000000	31.363000
51.000000	31.382000
56.000000	31.407000
58.000000	31.486000
5.000000	31.501000
6.000000	31.533000
3.000000	31.548000
6.000000	31.575000
52.000000	31.596000
24.000000	31.628000
19.000000	31.663000
43.000000	31.691000
44.000000	31.723000
71.000000	31.753000
65.000000	31.769000
11.000000	31.802000
18.000000	31.817000
-5.000000	31.834000
8.000000	31.849000
68.000000	31.881000
68.000000	31.901000
1.000000	31.923000
65.000000	31.944000
59.000000	31.964000
-25.000000	31.976000
-23.000000	31.992000
32.000000	32.023000
23.000000	32.048000
80.000000	32.064000
74.000000	32.087000
-55.000000	32.102000
-73.000000	32.119000
-22.000000	32.136000
-25.000000	32.170000
61.000000	32.182000
73.000000	32.198000
8.000000	32.229000
6.000000	32.245000
-6.000000	32.308000
-6.000000	32.339000
27.000000	32.365000
51.000000	32.387000
48.000000	32.418000
53.000000	32.433000
25.000000	32.465000
53.000000	32.497000
0.000000	32.528000
-42.000000	32.551000
-29.000000	32.566000
49.000000	32.591000
55.000000	32.608000
1.000000	32.640000
33.000000	32.673000
-14.000000	32.703000
-25.000000	32.719000
11.000000	32.752000
37.000000	32.767000
36.000000	32.798000
2.000000	32.830000
10666.000000	32.846000
80.000000	32.866000
66.000000	32.893000
36.000000	32.925000
39.000000	32.948000
19.000000	32.966000
37.000000	32.983000
21.000000	33.007000
37.000000	33.022000
8.000000	33.037000
20.000000	33.070000
-10.000000	33.087000
-4.000000	33.117000
-37.000000	33.133000
-18.000000	33.170000
-13.000000	33.179000
55.000000	33.211000
54.000000	33.227000
53.000000	33.247000
53.000000	33.267000
41.000000	33.297000
43.000000	33.325000
100.000000	33.338000
90.000000	33.370000
1.000000	33.402000
12.000000	33.433000
-98.000000	33.448000
-6.000000	33.480000
18.000000	33.496000
10.000000	33.531000
-1.000000	33.548000
65.000000	33.576000
57.000000	33.591000
19.000000	33.609000
21.000000	33.625000
6.000000	33.656000
-2.000000	33.671000
72.000000	33.689000
139.000000	33.724000
124.000000	33.750000
48.000000	33.769000
60.000000	33.782000
84.000000	33.808000
1.000000	33.831000
65.000000	33.861000
70.000000	33.878000
89.000000	33.893000
87.000000	33.925000
84.000000	33.942000
-30.000000	33.975000
-45.000000	34.005000
80.000000	34.038000
65.000000	34.069000
25.000000	34.084000
29.000000	34.101000
28.000000	34.132000
13.000000	34.169000
12.000000	34.195000
73.000000	34.211000
66.000000	34.227000
118.000000	34.258000
26.000000	34.274000
42.000000	34.307000
50.000000	34.323000
37.000000	34.339000
49.000000	34.370000
49.000000	34.387000
57.000000	34.413000
60.000000	34.417000
44.000000	34.450000
40.000000	34.470000
-17.000000	34.481000
-2.000000	34.513000
50.000000	34.530000
42.000000	34.547000
59.000000	34.570000
49.000000	34.593000
43.000000	34.609000
75.000000	34.624000
70.000000	34.640000
12.000000	34.673000
12.000000	34.693000
17.000000	34.703000
42.000000	34.739000
40.000000	34.751000
26.000000	34.783000
22.000000	34.800000
20.000000	34.816000
22.000000	34.831000
-3.000000	34.864000
-5.000000	34.880000
-3.000000	34.894000
89.000000	34.911000
90.000000	34.941000
81.000000	34.957000
96.000000	34.973000
-27.000000	35.015000
92.000000	35.037000
84.000000	35.055000
128.000000	35.078000
128.000000	35.101000
33.000000	35.118000
16.000000	35.133000
-2.000000	35.150000
-18.000000	35.183000
-19.000000	35.200000
-71.000000	35.213000
-68.000000	35.247000
-75.000000	35.272000
70.000000	35.291000
80.000000	35.324000
-23.000000	35.340000
107.000000	35.372000
20.000000	35.398000
-19.000000	35.420000
12.000000	35.435000
19.000000	35.473000
39.000000	35.483000
-25.000000	35.516000
56.000000	35.532000
64.000000	35.562000
52.000000	35.578000
36.000000	35.609000
34.000000	35.625000
32.000000	35.640000
10.000000	35.673000
10.000000	35.691000
24.000000	35.721000
28.000000	35.741000
33.000000	35.753000
64.000000	35.784000
54.000000	35.817000
-29.000000	35.848000
-40.000000	35.865000
52.000000	35.881000
59.000000	35.914000
71.000000	35.927000
58.000000	35.959000
-1.000000	35.978000
2.000000	35.993000
69.000000	36.006000
69.000000	36.038000
80.000000	36.056000
67.000000	36.070000
-59.000000	36.085000
-71.000000	36.101000
84.000000	36.134000
91.000000	36.149000
-22.000000	36.164000
-10.000000	36.181000
8.000000	36.215000
11.000000	36.228000
20.000000	36.243000
3.000000	36.278000
-18.000000	36.294000
-71.000000	36.311000
-69.000000	36.334000
108.000000	36.355000
129.000000	36.371000
44.000000	36.388000
12.000000	36.420000
72.000000	36.435000
61.000000	36.468000
71.000000	36.499000
66.000000	36.514000
17.000000	36.530000
19.000000	36.547000
24.000000	36.597000
10.000000	36.609000
56.000000	36.626000
67.000000	36.643000
16.000000	36.674000
59.000000	36.694000
13.000000	36.728000
8.000000	36.737000
40.000000	36.752000
50.000000	36.769000
60.000000	36.786000
45.000000	36.810000
66.000000	36.834000
-23.000000	36.848000
-26.000000	36.872000
38.000000	36.896000
39.000000	36.912000
40.000000	36.928000
51.000000	36.947000
65.000000	36.966000
75.000000	36.980000
1.000000	37.000000
5.000000	37.006000
19.000000	37.039000
21.000000	37.055000
-21.000000	37.086000
-4.000000	37.104000
86.000000	37.127000
-12.000000	37.151000
76.000000	37.166000
83.000000	37.189000
11.000000	37.198000
12.000000	37.221000
44.000000	37.247000
44.000000	37.260000
-41.000000	37.276000
-35.000000	37.293000
-7.000000	37.309000
6.000000	37.323000
29.000000	37.341000
26.000000	37.365000
18.000000	37.387000
28.000000	37.405000
25.000000	37.418000
33.000000	37.435000
32.000000	37.454000
34.000000	37.482000
-33.000000	37.508000
-41.000000	37.517000
18.000000	37.548000
53.000000	37.562000
37.000000	37.583000
10.000000	37.609000
11.000000	37.634000
3.000000	37.644000
2.000000	37.667000
57.000000	37.683000
82.000000	37.705000
34.000000	37.738000
68.000000	37.752000
76.000000	37.767000
88.000000	37.799000
49.000000	37.818000
65.000000	37.848000
32.000000	37.894000
120.000000	37.927000
91.000000	37.941000
59.000000	37.959000
-27.000000	37.989000
-65.000000	38.022000
-65.000000	38.037000
49.000000	38.052000
17.000000	38.084000
23.000000	38.101000
83.000000	38.116000
85.000000	38.148000
49.000000	38.164000
39.000000	38.184000
49.000000	38.214000
43.000000	38.228000
59.000000	38.243000
82.000000	38.259000
45.000000	38.291000
44.000000	38.307000
-44.000000	38.323000
61.000000	38.355000
58.000000	38.371000
52.000000	38.388000
56.000000	38.403000
67.000000	38.419000
4.000000	38.452000
0.000000	38.485000
23.000000	38.501000
19.000000	38.515000
1.000000	38.546000
-12.000000	38.577000
55.000000	38.595000
64.000000	38.625000
22.000000	38.641000
25.000000	38.658000
73.000000	38.685000
87.000000	38.706000
149.000000	38.732000
153.000000	38.752000
-35.000000	38.768000
-44.000000	38.785000
-61.000000	38.800000
-70.000000	38.831000
-29.000000	38.848000
-23.000000	38.863000
41.000000	38.885000
-27.000000	38.911000
114.000000	38.927000
99.000000	38.942000
82.000000	38.959000
64.000000	38.986000
32.000000	39.009000
26.000000	39.022000
13.000000	39.041000
17.000000	39.070000
51.000000	39.086000
54.000000	39.103000
66.000000	39.129000
81.000000	39.133000
-45.000000	39.149000
-24.000000	39.186000
51.000000	39.213000
38.000000	39.229000
-28.000000	39.262000
-34.000000	39.286000
5.000000	39.326000
-18.000000	39.349000
-3.000000	39.371000
17.000000	39.388000
9.000000	39.402000
33.000000	39.434000
34.000000	39.450000
42.000000	39.487000
40.000000	39.515000
90.000000	39.547000
60.000000	39.578000
-8.000000	39.601000
-10.000000	39.625000
67.000000	39.641000
84.000000	39.673000
169.000000	39.695000
178.000000	39.720000
76.000000	39.737000
65.000000	39.759000
-20.000000	39.787000
-40.000000	39.800000
-34.000000	39.831000
-2.000000	39.848000
67.000000	39.888000
56.000000	39.911000
45.000000	39.927000
91.000000	39.959000
106.000000	39.974000
19.000000	39.992000
4.000000	40.006000
-10.000000	40.040000
-8.000000	40.055000
35.000000	40.069000
43.000000	40.088000
39.000000	40.112000
33.000000	40.133000
36.000000	40.149000
40.000000	40.164000
17.000000	40.188000
10.000000	40.205000
-2.000000	40.229000
2.000000	40.244000
23.000000	40.265000
25.000000	40.293000
-12.000000	40.310000
-20.000000	40.324000
11.000000	40.355000
19.000000	40.372000
44.000000	40.402000
38.000000	40.420000
38.000000	40.436000
55.000000	40.451000
73.000000	40.467000
20.000000	40.498000
49.000000	40.531000
67.000000	40.546000
33.000000	40.567000
34.000000	40.596000
41.000000	40.706000
41.000000	40.734000
41.000000	40.765000
33.000000	40.797000
43.000000	40.813000
-39.000000	40.844000
106.000000	40.861000
108.000000	40.893000
104.000000	40.923000
45.000000	40.939000
40.000000	40.955000
53.000000	40.990000
72.000000	41.002000
43.000000	41.035000
40.000000	41.067000
41.000000	41.087000
16.000000	41.100000
57.000000	41.131000
34.000000	41.146000
9.000000	41.186000
36.000000	41.210000
26.000000	41.243000
29.000000	41.260000
32.000000	41.294000
17.000000	41.308000
69.000000	41.337000
29.000000	41.353000
32.000000	41.385000
35.000000	41.401000
54.000000	41.430000
50.000000	41.450000
23.000000	41.466000
60.000000	41.491000
43.000000	41.497000
52.000000	41.530000
50.000000	41.560000
37.000000	41.577000
27.000000	41.591000
-91.000000	41.613000
-69.000000	41.627000
60.000000	41.654000
69.000000	41.671000
51.000000	41.702000
33.000000	41.719000
25.000000	41.750000
23.000000	41.765000
25.000000	41.784000
29.000000	41.807000
29.000000	41.813000
21.000000	41.844000
29.000000	41.860000
-4.000000	41.876000
-6.000000	41.892000
25.000000	41.923000
16.000000	41.939000
13.000000	41.957000
35.000000	41.971000
100.000000	42.003000
97.000000	42.024000
44.000000	42.035000
35.000000	42.050000
68.000000	42.081000
41.000000	42.100000
52.000000	42.129000
27.000000	42.145000
52.000000	42.161000
136.000000	42.192000
19.000000	42.208000
19.000000	42.223000
-20.000000	42.239000
-24.000000	42.255000
-59.000000	42.292000
-117.000000	42.321000
-120.000000	42.335000
56.000000	42.351000
72.000000	42.366000
9.000000	42.393000
24.000000	42.414000
96.000000	42.432000
98.000000	42.445000
53.000000	42.461000
61.000000	42.493000
55.000000	42.508000
55.000000	42.524000
-23.000000	42.540000
-25.000000	42.558000
-8.000000	42.587000
36.000000	42.604000
12.000000	42.635000
61.000000	42.650000
58.000000	42.685000
10.000000	42.699000
12.000000	42.726000
-8.000000	42.745000
56.000000	42.778000
86.000000	42.794000
27.000000	42.828000
35.000000	42.850000
27.000000	42.857000
49.000000	42.893000
25.000000	42.904000
44.000000	42.938000
28.000000	42.968000
32.000000	42.983000
45.000000	42.999000
34.000000	43.016000
32.000000	43.049000
64.000000	43.063000
60.000000	43.097000
171.000000	43.111000
157.000000	43.142000
118.000000	43.158000
45.000000	43.189000
-27.000000	43.205000
-55.000000	43.237000
-71.000000	43.254000
12.000000	43.282000
24.000000	43.303000
35.000000	43.320000
20.000000	43.342000
19.000000	43.349000
-4.000000	43.380000
24.000000	43.412000
35.000000	43.429000
5.000000	43.445000
-12.000000	43.459000
68.000000	43.492000
72.000000	43.507000
70.000000	43.523000
68.000000	43.540000
-10.000000	43.572000
55.000000	43.587000
56.000000	43.606000
8.000000	43.634000
-8.000000	43.650000
53.000000	43.665000
42.000000	43.697000
73.000000	43.715000
81.000000	43.745000
28.000000	43.761000
17.000000	43.795000
3.000000	43.809000
-3.000000	43.825000
32.000000	43.859000
33.000000	43.873000
55.000000	43.895000
70.000000	43.922000
26.000000	43.936000
55.000000	43.952000
8.000000	43.995000
178.000000	44.015000
181.000000	44.031000
27.000000	44.046000
26.000000	44.062000
-23.000000	44.097000
-17.000000	44.113000
-54.000000	44.126000
-75.000000	44.144000
-97.000000	44.174000
-68.000000	44.191000
-101.000000	44.206000
-101.000000	44.223000
42.000000	44.254000
42.000000	44.269000
56.000000	44.294000
42.000000	44.302000
27.000000	44.319000
21.000000	44.350000
44.000000	44.364000
53.000000	44.380000
65.000000	44.412000
80.000000	44.445000
17.000000	44.461000
12.000000	44.477000
96.000000	44.511000
91.000000	44.559000
88.000000	44.598000
5.000000	44.619000
-1.000000	44.635000
-34.000000	44.666000
-27.000000	44.698000
85.000000	44.713000
24.000000	44.745000
66.000000	44.776000
73.000000	44.798000
43.000000	44.809000
64.000000	44.840000
60.000000	44.855000
40.000000	44.871000
32.000000	44.898000
3.000000	44.918000
93.000000	44.951000
33.000000	44.977000
52.000000	44.998000
59.000000	45.014000
64.000000	45.032000
55.000000	45.046000
-18.000000	45.078000
-24.000000	45.093000
21.000000	45.110000
42.000000	45.144000
51.000000	45.158000
-19.000000	45.190000
54.000000	45.204000
68.000000	45.220000
68.000000	45.237000
24.000000	45.268000
-10.000000	45.301000
0.000000	45.332000
27.000000	45.350000
37.000000	45.363000
102.000000	45.400000
10.000000	45.414000
67.000000	45.442000
68.000000	45.460000
74.000000	45.474000
66.000000	45.507000
-67.000000	45.522000
-71.000000	45.546000
38.000000	45.553000
61.000000	45.584000
49.000000	45.602000
41.000000	45.618000
82.000000	45.647000
71.000000	45.663000
44.000000	45.695000
18.000000	45.710000
21.000000	45.726000
71.000000	45.759000
54.000000	45.773000
39.000000	45.805000
-40.000000	45.821000
-40.000000	45.838000
86.000000	45.869000
81.000000	45.886000
20.000000	45.901000
43.000000	45.916000
27.000000	45.948000
61.000000	45.964000
53.000000	45.984000
83.000000	46.001000
68.000000	46.021000
-27.000000	46.031000
-8.000000	46.081000
45.000000	46.109000
-10.000000	46.127000
-7.000000	46.139000
42.000000	46.155000
59.000000	46.170000
73.000000	46.195000
83.000000	46.217000
58.000000	46.233000
24.000000	46.248000
12.000000	46.264000
35.000000	46.289000
38.000000	46.312000
-26.000000	46.330000
27.000000	46.348000
38.000000	46.362000
25.000000	46.391000
41.000000	46.408000
26.000000	46.423000
38.000000	46.455000
43.000000	46.488000
29.000000	46.506000
43.000000	46.519000
81.000000	46.550000
26.000000	46.568000
16.000000	46.582000
22.000000	46.611000
24.000000	46.614000
32.000000	46.650000
7.000000	46.673000
17.000000	46.699000
16.000000	46.709000
24.000000	46.729000
36.000000	46.743000
34.000000	46.758000
33.000000	46.852000
33.000000	46.884000
22.000000	46.902000
-1.000000	46.947000
10.000000	46.963000
6.000000	47.006000
35.000000	47.029000
0.000000	47.043000
26.000000	47.067000
48.000000	47.106000
33.000000	47.121000
0.000000	47.139000
8.000000	47.169000
-12.000000	47.186000
-35.000000	47.203000
27.000000	47.232000
32.000000	47.249000
21.000000	47.267000
28.000000	47.298000
25.000000	47.314000
9.000000	47.343000
8.000000	47.375000
20.000000	47.394000
52.000000	47.406000
54.000000	47.426000
52.000000	47.454000
50.000000	47.471000
61.000000	47.489000
35.000000	47.519000
26.000000	47.535000
18.000000	47.549000
50.000000	47.565000
49.000000	47.582000
8.000000	47.612000
-13.000000	47.628000
-3.000000	47.660000
40.000000	47.675000
36.000000	47.707000
29.000000	47.723000
10.000000	47.756000
21.000000	47.770000
19.000000	47.787000
13.000000	47.804000
35.000000	47.836000
12.000000	47.866000
55.000000	47.883000
32.000000	47.904000
22.000000	47.914000
17.000000	47.946000
20.000000	47.964000
5.000000	47.977000
36.000000	48.009000
51.000000	48.024000
85.000000	48.056000
13.000000	48.072000
84.000000	48.106000
36.000000	48.136000
0.000000	48.151000
4.000000	48.185000
67.000000	48.205000
55.000000	48.216000
45.000000	48.232000
39.000000	48.247000
-25.000000	48.263000
-35.000000	48.294000
48.000000	48.311000
40.000000	48.326000
53.000000	48.341000
26.000000	48.357000
59.000000	48.390000
56.000000	48.407000
56.000000	48.421000
89.000000	48.454000
88.000000	48.468000
82.000000	48.483000
40.000000	48.506000
50.000000	48.531000
54.000000	48.548000
81.000000	48.581000
58.000000	48.595000
52.000000	48.624000
20.000000	48.642000
68.000000	48.675000
81.000000	48.695000
59.000000	48.708000
49.000000	48.740000
41.000000	48.754000
38.000000	48.786000
40.000000	48.806000
27.000000	48.818000
59.000000	48.849000
-21.000000	48.881000
92.000000	48.898000
92.000000	48.914000
51.000000	48.944000
38.000000	48.960000
23.000000	48.976000
-12.000000	48.993000
-7.000000	49.009000
4.000000	49.039000
42.000000	49.057000
57.000000	49.071000
33.000000	49.106000
-24.000000	49.119000
-34.000000	49.135000
6.000000	49.169000
-7.000000	49.183000
73.000000	49.214000
40.000000	49.230000
34.000000	49.255000
-19.000000	49.263000
-20.000000	49.294000
43.000000	49.309000
51.000000	49.325000
35.000000	49.357000
25.000000	49.374000
8.000000	49.389000
-2.000000	49.407000
-39.000000	49.436000
-26.000000	49.452000
100.000000	49.469000
82.000000	49.484000
8.000000	49.516000
11.000000	49.541000
28.000000	49.547000
55.000000	49.563000
56.000000	49.579000
68.000000	49.610000
20.000000	49.627000
43.000000	49.645000
-18.000000	49.674000
58.000000	49.691000
35.000000	49.731000
43.000000	49.755000
34.000000	49.785000
19.000000	49.801000
13.000000	49.818000
27.000000	49.833000
60.000000	49.849000
74.000000	49.881000
58.000000	49.898000
37.000000	49.912000
35.000000	49.930000
26.000000	49.954000
24.000000	49.976000
16.000000	49.994000
7.000000	50.008000
22.000000	50.039000
39.000000	50.055000
0.000000	50.088000
18.000000	50.102000
1.000000	50.120000
-43.000000	50.152000
-61.000000	50.166000
-74.000000	50.182000
104.000000	50.219000
82.000000	50.230000
70.000000	50.246000
71.000000	50.277000
60.000000	50.293000
80.000000	50.309000
89.000000	50.341000
38.000000	50.363000
37.000000	50.375000
43.000000	50.390000
-17.000000	50.420000
-4.000000	50.437000
-7.000000	50.452000
21.000000	50.487000
40.000000	50.516000
24.000000	50.533000
32.000000	50.547000
16.000000	50.579000
25.000000	50.597000
21.000000	50.610000
39.000000	50.626000
58.000000	50.658000
70.000000	50.673000
71.000000	50.709000
-5.000000	50.737000
6.000000	50.768000
80.000000	50.784000
84.000000	50.816000
-60.000000	50.831000
-68.000000	50.847000
-78.000000	50.862000
41.000000	50.895000
40.000000	50.910000
145.000000	50.925000
70.000000	50.957000
50.000000	50.973000
56.000000	50.989000
65.000000	51.020000
44.000000	51.046000
35.000000	51.073000
37.000000	51.090000
18.000000	51.116000
27.000000	51.132000
25.000000	51.151000
25.000000	51.164000
44.000000	51.197000
43.000000	51.210000
33.000000	51.228000
13.000000	51.243000
59.000000	51.274000
70.000000	51.293000
54.000000	51.321000
55.000000	51.341000
56.000000	51.356000
-23.000000	51.369000
-8.000000	51.386000
92.000000	51.420000
42.000000	51.440000
48.000000	51.469000
40.000000	51.482000
37.000000	51.497000
-22.000000	51.528000
-25.000000	51.545000
17.000000	51.576000
64.000000	51.591000
36.000000	51.623000
2.000000	51.643000
2.000000	51.654000
49.000000	51.672000
45.000000	51.702000
42.000000	51.721000
33.000000	51.751000
24.000000	51.766000
25.000000	51.783000
36.000000	51.813000
58.000000	51.829000
86.000000	51.845000
89.000000	51.860000
-25.000000	51.892000
35.000000	51.912000
33.000000	51.924000
18.000000	51.955000
19.000000	51.971000
20.000000	51.987000
20.000000	52.012000
18.000000	52.035000
18.000000	52.050000
19.000000	52.066000
23.000000	52.081000
81.000000	52.115000
83.000000	52.140000
4.000000	52.164000
11.000000	52.189000
53.000000	52.206000
54.000000	52.235000
53.000000	52.255000
55.000000	52.281000
49.000000	52.331000
36.000000	52.346000
57.000000	52.404000
74.000000	52.430000
26.000000	52.457000
27.000000	52.514000
-8.000000	52.536000
58.000000	52.583000
40.000000	52.630000
-21.000000	52.659000
-25.000000	52.700000
-5.000000	52.735000
-1.000000	52.751000
17.000000	52.784000
82.000000	52.799000
67.000000	52.814000
51.000000	52.845000
49.000000	52.862000
27.000000	52.877000
23.000000	52.908000
41.000000	52.924000
-2.000000	52.956000
36.000000	52.972000
55.000000	53.004000
60.000000	53.021000
61.000000	53.051000
59.000000	53.067000
-20.000000	53.085000
-36.000000	53.116000
71.000000	53.147000
49.000000	53.178000
44.000000	53.193000
43.000000	53.228000
40.000000	53.241000
60.000000	53.274000
53.000000	53.289000
41.000000	53.366000
20.000000	53.399000
76.000000	53.430000
0.000000	53.460000
5.000000	53.493000
38.000000	53.515000
25.000000	53.542000
35.000000	53.628000
56.000000	53.652000
107.000000	53.683000
105.000000	53.699000
66.000000	53.746000
44.000000	53.761000
19.000000	53.798000
-18.000000	53.833000
-12.000000	53.857000
72.000000	53.882000
71.000000	53.895000
72.000000	53.932000
82.000000	53.965000
32.000000	53.979000
33.000000	54.011000
-5.000000	54.043000
13.000000	54.060000
28.000000	54.074000
55.000000	54.106000
51.000000	54.123000
28.000000	54.141000
35.000000	54.172000
39.000000	54.194000
48.000000	54.217000
23.000000	54.238000
13.000000	54.258000
11.000000	54.274000
11.000000	54.291000
12.000000	54.305000
28.000000	54.337000
13.000000	54.355000
40.000000	54.385000
38.000000	54.408000
88.000000	54.435000
81.000000	54.450000
49.000000	54.469000
59.000000	54.498000
-17.000000	54.518000
-2.000000	54.532000
27.000000	54.562000
42.000000	54.576000
54.000000	54.595000
58.000000	54.618000
51.000000	54.656000
43.000000	54.695000
34.000000	54.719000
28.000000	54.760000
27.000000	54.783000
3.000000	54.815000
-1.000000	54.834000
12.000000	54.880000
84.000000	54.908000
27.000000	54.946000
-17.000000	54.971000
21.000000	54.987000
52.000000	55.019000
44.000000	55.045000
69.000000	55.061000
73.000000	55.077000
82.000000	55.133000
103.000000	55.159000
-62.000000	55.174000
-66.000000	55.205000
26.000000	55.223000
20.000000	55.237000
41.000000	55.269000
36.000000	55.300000
25.000000	55.319000
28.000000	55.348000
50.000000	55.372000
41.000000	55.379000
29.000000	55.420000
50.000000	55.448000
52.000000	55.462000
-27.000000	55.515000
80.000000	55.551000
-22.000000	55.586000
-1.000000	55.624000
43.000000	55.700000
37.000000	55.747000
41.000000	55.774000
-7.000000	55.790000
-5.000000	55.821000
32.000000	55.837000
20.000000	55.854000
23.000000	55.885000
2.000000	55.900000
103.000000	55.932000
209.000000	55.964000
40.000000	55.980000
-38.000000	56.011000
-9.000000	56.028000
-34.000000	56.060000
-38.000000	56.085000
-43.000000	56.108000
-122.000000	56.122000
9.000000	56.154000
105.000000	56.170000
108.000000	56.201000
64.000000	56.221000
48.000000	56.243000
32.000000	56.265000
36.000000	56.284000
23.000000	56.313000
98.000000	56.329000
19.000000	56.360000
17.000000	56.376000
71.000000	56.409000
115.000000	56.423000
117.000000	56.442000
75.000000	56.480000
83.000000	56.503000
38.000000	56.535000
74.000000	56.550000
66.000000	56.583000
23.000000	56.599000
24.000000	56.645000
27.000000	56.702000
40.000000	56.722000
-3.000000	56.760000
-19.000000	56.791000
-12.000000	56.807000
-6.000000	56.839000
1.000000	56.855000
18.000000	56.880000
35.000000	56.894000
39.000000	56.926000
64.000000	56.942000
49.000000	56.958000
37.000000	56.990000
41.000000	57.022000
2.000000	57.070000
-33.000000	57.098000
86.000000	57.123000
86.000000	57.153000
-52.000000	57.178000
33.000000	57.203000
49.000000	57.238000
-44.000000	57.281000
-37.000000	57.305000
50.000000	57.334000
96.000000	57.371000
6.000000	57.403000
13.000000	57.418000
76.000000	57.436000
69.000000	57.466000
60.000000	57.503000
73.000000	57.524000
-53.000000	57.553000
-61.000000	57.561000
81.000000	57.593000
-51.000000	57.626000
55.000000	57.652000
69.000000	57.720000
1.000000	57.745000
4.000000	57.760000
-18.000000	57.793000
-27.000000	57.850000
-10.000000	57.889000
69.000000	57.919000
1.000000	57.958000
35.000000	57.990000
49.000000	58.005000
-101.000000	58.038000
-42.000000	58.070000
144.000000	58.085000
164.000000	58.119000
-90.000000	58.154000
-94.000000	58.180000
0.000000	58.205000
2.000000	58.229000
-39.000000	58.278000
42.000000	58.319000
49.000000	58.342000
41.000000	58.374000
67.000000	58.403000
54.000000	58.427000
-8.000000	58.443000
-9.000000	58.476000
-86.000000	58.506000
-50.000000	58.553000
-40.000000	58.574000
-76.000000	58.585000
-99.000000	58.616000
-100.000000	58.632000
-102.000000	58.648000
-65.000000	58.679000
-54.000000	58.696000
51.000000	58.731000
49.000000	58.760000
56.000000	58.786000
34.000000	58.816000
4.000000	58.831000
18.000000	58.862000
51.000000	58.877000
51.000000	58.904000
5.000000	58.940000
18.000000	58.959000
16.000000	58.976000
26.000000	59.005000
43.000000	59.024000
59.000000	59.039000
53.000000	59.069000
45.000000	59.084000
12.000000	59.101000
112.000000	59.133000
134.000000	59.147000
148.000000	59.166000
137.000000	59.195000
132.000000	59.211000
132.000000	59.232000
